num crossings	time (s)	maj axis (mm)	min axis (mm)	theta (rad )	slope (V/s)
4809	5158.148676	122.201669	0.337413	1.596698	41.420685
4811	5160.233067	121.869134	0.198956	1.593117	42.550343
4813	5162.317060	121.894440	0.126627	1.591568	41.768198
4815	5164.401797	121.653143	0.119163	1.591959	41.942625
4817	5166.487391	121.354954	0.025169	1.592767	41.994029
4819	5168.573276	121.198356	-0.038702	1.593761	42.305122
4821	5170.659852	120.706454	-0.152097	1.591477	41.092714
4823	5172.747212	120.757575	-0.220134	1.586161	39.348077
4825	5174.832392	120.826191	-0.092658	1.585133	41.397722
4827	5176.915268	120.745514	-0.149460	1.595361	41.748046
4829	5179.000411	119.788088	-0.430784	1.596745	40.563098
4831	5181.089162	119.991714	-0.496974	1.583536	39.763342
4833	5183.172831	120.229339	-0.287967	1.589610	40.870622
4835	5185.256636	119.381134	-0.515391	1.598605	40.241623
4837	5187.345569	119.349718	-0.670922	1.583750	39.682832
4839	5189.429949	120.131327	-0.370908	1.587987	40.253462
4841	5191.513124	119.224988	-0.662361	1.598883	38.816154
4843	5193.601120	118.691478	-0.841426	1.589722	40.600962
4845	5195.688110	119.071365	-0.774541	1.583747	41.451181
4847	5197.771616	118.930739	-0.769833	1.590388	41.062600
4849	5199.855297	118.891211	-0.733445	1.595027	40.604902
4851	5201.940845	118.308622	-0.858545	1.593822	39.754428
4853	5204.026887	118.009938	-0.920818	1.592137	39.608111
4855	5206.113069	117.920922	-0.993339	1.590940	39.192771
4857	5208.198440	118.046066	-1.027741	1.590605	40.279482
4859	5210.283596	117.924690	-1.092489	1.589502	39.980459
4861	5212.368311	117.795854	-1.145729	1.587333	38.753146
4863	5214.454061	117.511252	-1.191310	1.585601	38.127728
4865	5216.540895	116.945768	-1.230079	1.587898	38.976884
4867	5218.628295	117.103392	-1.220306	1.590520	38.512341
4869	5220.713737	116.727754	-1.432086	1.588479	38.999026
4871	5222.796406	117.078789	-1.469051	1.582669	39.195514
4873	5224.881734	116.457985	-1.381722	1.581909	38.603133
4875	5226.970139	116.176533	-1.454542	1.588300	38.249725
4877	5229.055499	116.020108	-1.619140	1.585702	39.163414
4879	5231.138368	116.304756	-1.662044	1.578739	38.507783
4881	5233.223374	115.624382	-1.605908	1.578863	38.909897
4883	5235.311269	115.571467	-1.620380	1.583400	37.936473
4885	5237.398017	115.601643	-1.766288	1.582086	38.510781
4887	5239.482117	115.196256	-1.864089	1.579927	36.588103
4889	5241.566010	115.099622	-1.886144	1.577992	36.855999
4891	5243.650568	115.117895	-1.854873	1.577639	37.609464
4893	5245.735579	114.624618	-1.957039	1.577001	37.156933
4895	5247.820861	114.455870	-1.968408	1.577478	36.239295
4897	5249.906405	114.348161	-2.003005	1.577798	37.021866
4899	5251.992293	114.042460	-2.102251	1.577737	36.611167
4901	5254.078780	113.695853	-2.180228	1.575391	36.652909
4903	5256.165966	113.685812	-2.217924	1.570580	35.721646
4905	5258.251730	114.042689	-2.207161	1.568075	35.752670
4907	5260.335611	113.780861	-2.211169	1.571750	36.915626
4909	5262.418837	113.290045	-2.235193	1.576871	37.274475
4911	5264.504384	112.931106	-2.332365	1.577168	36.893923
4913	5266.592168	112.734163	-2.471043	1.569290	36.375377
4915	5268.678905	113.022876	-2.456370	1.564726	36.233037
4917	5270.762235	113.029001	-2.441163	1.569652	36.667399
4919	5272.845699	112.586546	-2.485231	1.574084	36.107067
4921	5274.930940	112.152913	-2.591622	1.573621	35.498334
4923	5277.017756	111.938157	-2.674790	1.570232	35.582390
4925	5279.104667	112.002652	-2.723477	1.565957	34.711470
4927	5281.190840	111.988101	-2.785630	1.564090	36.689034
4929	5283.276263	111.887101	-2.831916	1.563696	36.835811
4931	5285.361463	111.811879	-2.809762	1.563784	35.027429
4933	5287.446878	111.626774	-2.857858	1.563508	35.723553
4935	5289.532211	111.246435	-2.887521	1.563316	35.988440
4937	5291.617536	110.958537	-2.916406	1.562645	34.682008
4939	5293.702181	110.995237	-2.963540	1.562736	34.656588
4941	5295.786273	110.678694	-3.066854	1.561198	34.316163
4943	5297.869991	110.782225	-3.081380	1.558281	35.116557
4945	5299.954720	110.501785	-3.115120	1.556574	35.101678
4947	5302.041217	110.382396	-3.098958	1.558293	35.024350
4949	5304.128560	110.137203	-3.180574	1.559080	34.376647
4951	5306.214625	109.891985	-3.226747	1.557851	35.053705
4953	5308.298757	109.736634	-3.335663	1.555194	35.359571
4955	5310.381951	109.666029	-3.380391	1.551633	34.851009
4957	5312.466494	109.534244	-3.357513	1.550192	34.667381
4959	5314.552435	109.159008	-3.434995	1.550511	34.487195
4961	5316.638981	109.083462	-3.420050	1.550797	34.659302
4963	5318.725560	108.913988	-3.471711	1.550142	33.502062
4965	5320.811635	108.755199	-3.520250	1.547512	33.402758
4967	5322.897105	108.687523	-3.594584	1.546020	33.654269
4969	5324.982342	108.333830	-3.658321	1.543986	33.393690
4971	5327.067569	108.383715	-3.656056	1.543287	32.781489
4973	5329.152769	108.102658	-3.758862	1.541184	34.761740
4975	5331.237809	108.123407	-3.749284	1.540138	33.397300
4977	5333.322647	107.926648	-3.828170	1.539203	33.964033
4979	5335.406820	107.831614	-3.810849	1.540168	33.336990
4981	5337.490624	107.881144	-3.810857	1.541918	34.130137
4983	5339.574925	107.353530	-3.886532	1.541956	32.807478
4985	5341.659619	106.982685	-3.932408	1.541605	33.798472
4987	5343.746033	106.670967	-4.004458	1.539194	33.817686
4989	5345.833204	106.615404	-4.099567	1.535028	32.578970
4991	5347.919866	106.796357	-4.157327	1.531061	33.161643
4993	5350.004581	106.766965	-4.152498	1.530026	32.834157
4995	5352.088114	106.890072	-4.096597	1.532886	32.633772
4997	5354.171965	106.302654	-4.223560	1.533608	32.611819
4999	5356.256271	105.919857	-4.240336	1.533102	33.209016
5001	5358.341480	105.902535	-4.217602	1.532635	32.498748
5003	5360.427443	105.508511	-4.298864	1.529719	32.991719
5005	5362.512996	105.384947	-4.354484	1.528875	32.597448
5007	5364.598621	105.281101	-4.365851	1.527014	32.250952
5009	5366.683732	105.116493	-4.395666	1.526312	32.375265
5011	5368.769191	104.966162	-4.468065	1.524992	31.833723
5013	5370.854259	105.026856	-4.445974	1.524413	32.106218
5015	5372.938847	104.797204	-4.530847	1.522284	31.779994
5017	5375.023595	104.724072	-4.579376	1.520463	32.336140
5019	5377.108385	104.635415	-4.613191	1.518836	31.433728
5021	5379.193490	104.322146	-4.638299	1.517125	30.598204
5023	5381.279465	104.091767	-4.700416	1.516634	30.668300
5025	5383.366134	104.045850	-4.677694	1.517222	31.522165
5027	5385.453064	103.853576	-4.722620	1.515554	30.959302
5029	5387.539064	103.935465	-4.732161	1.514686	30.168328
5031	5389.623295	103.647536	-4.823938	1.513077	31.323691
5033	5391.707044	103.538188	-4.837284	1.511465	30.619839
5035	5393.790785	103.345438	-4.870814	1.508170	30.915166
5037	5395.875023	103.190955	-4.919168	1.506578	29.895298
5039	5397.960203	103.022325	-4.960240	1.505958	31.015807
5041	5400.045492	102.841679	-5.016151	1.504863	30.614003
5043	5402.131296	102.722273	-5.048403	1.504319	30.362546
5045	5404.216538	102.654235	-5.087327	1.503614	31.134432
5047	5406.302064	102.450967	-5.116055	1.502019	30.774447
5049	5408.387337	102.399370	-5.122221	1.501233	29.991956
5051	5410.472047	102.267947	-5.145770	1.500047	29.682653
5053	5412.556962	102.028059	-5.230056	1.499062	30.020330
5055	5414.641514	101.899787	-5.211348	1.497975	30.135077
5057	5416.726328	101.793792	-5.279276	1.497295	29.605205
5059	5418.810968	101.473867	-5.268973	1.495878	30.135974
5061	5420.896585	101.255535	-5.340198	1.494438	29.026822
5063	5422.982537	101.026074	-5.366551	1.493455	29.361121
5065	5425.069279	100.827699	-5.477436	1.489558	29.151660
5067	5427.155600	100.923549	-5.482648	1.486555	29.373301
5069	5429.241487	101.088114	-5.538847	1.483439	29.946967
5071	5431.325629	100.943592	-5.523611	1.482716	28.899734
5073	5433.409786	100.743029	-5.554809	1.483227	29.656281
5075	5435.493289	100.586966	-5.545229	1.484162	30.044613
5077	5437.577793	100.165709	-5.586320	1.482181	28.757924
5079	5439.662386	100.029086	-5.618691	1.481323	28.776097
5081	5441.747387	99.793306	-5.679029	1.479087	29.078640
5083	5443.832413	99.665625	-5.656431	1.477853	28.873560
5085	5445.917450	99.514222	-5.708476	1.475690	29.251496
5087	5448.002640	99.318782	-5.777329	1.473250	28.675815
5089	5450.087730	99.329919	-5.750082	1.472830	28.806247
5091	5452.173095	99.167044	-5.840047	1.471533	29.736832
5093	5454.258367	98.999614	-5.820817	1.469956	28.591004
5095	5456.344333	98.768345	-5.872186	1.468244	27.830710
5097	5458.430451	98.736362	-5.886256	1.467691	29.176531
5099	5460.516788	98.633702	-5.930166	1.465825	28.585037
5101	5462.602373	98.476734	-5.984340	1.463923	27.831076
5103	5464.687597	98.271215	-5.998163	1.462043	28.209791
5105	5466.771714	98.127470	-6.051677	1.460768	28.409829
5107	5468.855486	97.937792	-6.032726	1.458577	27.950260
5109	5470.939207	97.787484	-6.060073	1.456267	27.279733
5111	5473.023436	97.657296	-6.096487	1.454649	27.503415
5113	5475.108184	97.505438	-6.146811	1.452910	27.037179
5115	5477.193389	97.321530	-6.155982	1.451402	27.672548
5117	5479.278479	97.261663	-6.171172	1.451087	27.922069
5119	5481.363402	97.112618	-6.237211	1.449323	27.459010
5121	5483.448452	96.910400	-6.258341	1.448110	26.397221
5123	5485.533270	96.812745	-6.256088	1.446954	26.617234
5125	5487.618347	96.607341	-6.268355	1.445443	27.293645
5127	5489.703793	96.418445	-6.321715	1.443832	26.279863
5129	5491.789099	96.150630	-6.317757	1.442192	27.163325
5131	5493.875033	96.030228	-6.404964	1.440629	26.535748
5133	5495.961397	95.910089	-6.454122	1.438499	27.089310
5135	5498.047627	95.911185	-6.481994	1.435781	26.683242
5137	5500.133194	95.929810	-6.519523	1.432316	26.634894
5139	5502.218200	95.949130	-6.525791	1.431126	27.458497
5141	5504.302300	95.868620	-6.548516	1.430326	27.361791
5143	5506.386285	95.708943	-6.526310	1.430705	26.889979
5145	5508.470237	95.515731	-6.597293	1.430047	27.181411
5147	5510.554481	95.277901	-6.636696	1.428785	26.674965
5149	5512.639257	95.119341	-6.634520	1.427322	26.462974
5151	5514.723974	94.878975	-6.659200	1.424502	26.492784
5153	5516.808718	94.680324	-6.695838	1.421962	25.721516
5155	5518.894122	94.562382	-6.689429	1.420938	26.474882
5157	5520.979248	94.477548	-6.707903	1.419675	26.541310
5159	5523.064763	94.361528	-6.778886	1.418592	25.594500
5161	5525.150396	94.227345	-6.763334	1.416776	26.091831
5163	5527.236683	94.165140	-6.784000	1.415696	26.252935
5165	5529.322293	94.054506	-6.834057	1.413596	26.303173
5167	5531.407868	93.889843	-6.850177	1.411964	25.589122
5169	5533.493022	93.680152	-6.918547	1.409734	25.709599
5171	5535.577220	93.483911	-6.901870	1.407928	25.004323
5173	5537.660834	93.317714	-6.939949	1.405337	24.810764
5175	5539.744925	93.151891	-6.957390	1.402575	25.270316
5177	5541.829081	93.019459	-6.990020	1.400707	25.098109
5179	5543.913624	92.905420	-6.978221	1.398670	25.789470
5181	5545.998297	92.703086	-6.969357	1.397509	25.087942
5183	5548.083004	92.595377	-7.057849	1.396023	25.811665
5185	5550.168000	92.438799	-7.077617	1.393550	24.552003
5187	5552.253116	92.349027	-7.026535	1.393829	24.203244
5189	5554.338064	92.130094	-7.081824	1.391466	24.820259
5191	5556.423771	91.926602	-7.108922	1.389747	24.631036
5193	5558.508901	91.729685	-7.129365	1.387918	24.253117
5195	5560.595109	91.675793	-7.177101	1.385052	23.893862
5197	5562.681096	91.562473	-7.184140	1.384154	24.706151
5199	5564.766791	91.672970	-7.237970	1.382016	24.005937
5201	5566.852246	91.781770	-7.238411	1.379497	25.098921
5203	5568.936875	91.732151	-7.285860	1.377413	24.642792
5205	5571.021104	91.593980	-7.268501	1.377966	25.336886
5207	5573.105203	91.420089	-7.327262	1.377391	25.247182
5209	5575.189224	91.234303	-7.367151	1.375371	24.747854
5211	5577.273689	90.942239	-7.360595	1.374090	24.445821
5213	5579.358308	90.764084	-7.421846	1.372315	24.192930
5215	5581.442382	90.578905	-7.429548	1.370599	23.911467
5217	5583.527716	90.455367	-7.422737	1.367948	23.734096
5219	5585.612925	90.298006	-7.452133	1.366846	24.649460
5221	5587.698356	90.253594	-7.493184	1.364883	24.240092
5223	5589.784118	90.148972	-7.514910	1.362839	24.357733
5225	5591.870016	90.118889	-7.531371	1.360849	24.041060
5227	5593.955075	90.017154	-7.557241	1.358322	24.553029
5229	5596.040785	89.852388	-7.564202	1.355554	23.809053
5231	5598.125876	89.666923	-7.609922	1.353038	23.800620
5233	5600.209975	89.466277	-7.621429	1.351229	23.546146
5235	5602.293746	89.240751	-7.652022	1.347924	23.868601
5237	5604.377668	89.105122	-7.682154	1.344951	22.919862
5239	5606.462248	88.897887	-7.695127	1.342893	23.644161
5241	5608.546154	88.786510	-7.674512	1.340976	22.864266
5243	5610.630856	88.621221	-7.694548	1.339166	22.960162
5245	5612.715838	88.508297	-7.725500	1.337385	23.040366
5247	5614.800690	88.298376	-7.726108	1.335351	22.639909
5249	5616.885808	88.185412	-7.781513	1.333130	22.526921
5251	5618.971179	88.001813	-7.792588	1.331816	22.529684
5253	5621.056690	87.858022	-7.797323	1.330755	22.613327
5255	5623.142284	87.823440	-7.833263	1.328836	22.849805
5257	5625.228355	87.802308	-7.849804	1.327714	22.905483
5259	5627.313100	87.894295	-7.896746	1.325547	23.077886
5261	5629.398903	87.967685	-7.899813	1.324302	22.329464
5263	5631.483464	87.979990	-7.894132	1.322795	22.454801
5265	5633.567683	87.817265	-7.910923	1.321670	22.738069
5267	5635.651600	87.621135	-7.912950	1.320636	22.251507
5269	5637.736058	87.378993	-7.960656	1.318932	23.000497
5271	5639.820210	87.153901	-7.984308	1.316911	22.522908
5273	5641.904434	86.960218	-7.963634	1.314908	21.957994
5275	5643.989699	86.789218	-7.959455	1.313126	22.194600
5277	5646.074444	86.675569	-8.016165	1.311016	22.314620
5279	5648.159823	86.608869	-8.011923	1.309463	22.201002
5281	5650.245329	86.529795	-8.041035	1.307673	22.561683
5283	5652.330518	86.484189	-8.039852	1.305246	22.010471
5285	5654.416609	86.426480	-8.045450	1.302361	22.493094
5287	5656.501914	86.297498	-8.038290	1.301350	21.537020
5289	5658.586498	86.192106	-8.090906	1.297183	21.757430
5291	5660.671479	85.981885	-8.065347	1.295592	22.538747
5293	5662.755610	85.782846	-8.105405	1.291929	22.021728
5295	5664.839656	85.658663	-8.115690	1.288478	21.551882
5297	5666.923618	85.466273	-8.133860	1.286414	21.651494
5299	5669.007469	85.303612	-8.162035	1.283802	21.324542
5301	5671.092253	85.105012	-8.137007	1.282208	22.009866
5303	5673.176743	85.008783	-8.169208	1.279760	21.658254
5305	5675.261659	84.860070	-8.152108	1.278220	22.131262
5307	5677.346685	84.714736	-8.139692	1.276485	21.949837
5309	5679.431835	84.560338	-8.162487	1.274890	21.868761
5311	5681.517223	84.491658	-8.209701	1.272639	22.535111
5313	5683.602548	84.412013	-8.191071	1.271352	21.436479
5315	5685.688571	84.413063	-8.228852	1.269928	21.044346
5317	5687.773650	84.452330	-8.224029	1.268206	21.283558
5319	5689.858790	84.515219	-8.267499	1.266277	20.844111
5321	5691.943369	84.462580	-8.238347	1.265361	20.930741
5323	5694.027695	84.361509	-8.280730	1.263892	21.164902
5325	5696.111784	84.220109	-8.281091	1.262225	21.023788
5327	5698.195706	83.959649	-8.294232	1.260639	21.350995
5329	5700.279569	83.824129	-8.332985	1.258091	20.651140
5331	5702.364551	83.615865	-8.335833	1.256096	20.775058
5333	5704.449308	83.481636	-8.339381	1.254531	20.563382
5335	5706.533897	83.370210	-8.368895	1.252044	20.350537
5337	5708.619328	83.279892	-8.370869	1.250616	20.002935
5339	5710.704601	83.230260	-8.391532	1.248235	20.373329
5341	5712.790601	83.165096	-8.366382	1.246763	20.174807
5343	5714.875405	83.072520	-8.401996	1.244141	19.553719
5345	5716.961139	82.972869	-8.418148	1.241807	20.390765
5347	5719.045842	82.793343	-8.419507	1.238851	19.705225
5349	5721.130436	82.635079	-8.483191	1.235146	19.701531
5351	5723.214664	82.518958	-8.482544	1.232477	20.117796
5353	5725.298261	82.366524	-8.490344	1.229943	19.535286
5355	5727.382921	82.199417	-8.495200	1.227593	20.144308
5357	5729.467054	81.999703	-8.476618	1.225680	19.444922
5359	5731.551547	81.977327	-8.506873	1.222632	19.757897
5361	5733.636226	81.805638	-8.511809	1.221012	19.697525
5363	5735.721144	81.631797	-8.489347	1.219045	19.155236
5365	5737.806153	81.551179	-8.541567	1.216806	19.583071
5367	5739.891454	81.456253	-8.535620	1.215090	19.596216
5369	5741.976815	81.331819	-8.540839	1.213380	19.203188
5371	5744.062458	81.339387	-8.567528	1.211683	19.519229
5373	5746.147929	81.313651	-8.544510	1.210285	20.315526
5375	5748.232680	81.340343	-8.550796	1.208681	19.701914
5377	5750.317204	81.337281	-8.573612	1.207156	19.973161
5379	5752.401256	81.223707	-8.551620	1.206162	20.089622
5381	5754.485329	81.096307	-8.575251	1.204596	19.860837
5383	5756.569243	80.907607	-8.572595	1.203501	20.165504
5385	5758.653887	80.752157	-8.577332	1.201570	19.217757
5387	5760.738049	80.538291	-8.583293	1.199950	19.418082
5389	5762.822664	80.404517	-8.589413	1.197486	19.320888
5391	5764.907696	80.313592	-8.618655	1.195261	19.339959
5393	5766.992399	80.251333	-8.625987	1.193135	19.275656
5395	5769.078143	80.142277	-8.611043	1.191196	19.767291
5397	5771.163252	80.095226	-8.657434	1.188799	19.192953
5399	5773.248468	79.958902	-8.628324	1.186696	19.017778
5401	5775.333926	79.849426	-8.631325	1.184240	18.760623
5403	5777.418418	79.817148	-8.693597	1.179964	19.329157
5405	5779.502936	79.647415	-8.695873	1.177220	18.673967
5407	5781.587524	79.512867	-8.721488	1.174267	19.293137
5409	5783.671386	79.398114	-8.746626	1.171654	18.723053
5411	5785.755821	79.192133	-8.721151	1.169182	18.570169
5413	5787.839916	79.069602	-8.743577	1.166108	17.951273
5415	5789.924356	78.930379	-8.738529	1.164507	18.232345
5417	5792.009040	78.881752	-8.785949	1.162377	18.142082
5419	5794.093907	78.683085	-8.750184	1.160406	18.472964
5421	5796.179207	78.641008	-8.779804	1.158821	18.455317
5423	5798.264307	78.558212	-8.780901	1.156921	17.743428
5425	5800.349241	78.468670	-8.771588	1.154255	18.154638
5427	5802.434793	78.445036	-8.792907	1.153183	17.835032
5429	5804.520053	78.391634	-8.801633	1.151573	18.576624
5431	5806.604825	78.376352	-8.794448	1.149942	18.457795
5433	5808.688941	78.317556	-8.790295	1.148072	18.348611
5435	5810.773520	78.265688	-8.816826	1.147282	18.183501
5437	5812.857255	78.132202	-8.795284	1.145506	18.464709
5439	5814.940885	77.916036	-8.820884	1.144461	18.174231
5441	5817.025747	77.812910	-8.851741	1.142303	18.689830
5443	5819.110426	77.646583	-8.836159	1.140292	18.188768
5445	5821.194858	77.513578	-8.838417	1.138122	18.542861
5447	5823.279535	77.422589	-8.858642	1.135944	18.064342
5449	5825.364452	77.336920	-8.861013	1.134376	18.220121
5451	5827.449748	77.252341	-8.850022	1.131783	17.817059
5453	5829.535229	77.219285	-8.878587	1.129136	18.269630
5455	5831.620239	77.102225	-8.873539	1.126330	17.979413
5457	5833.705273	77.051136	-8.913152	1.123473	17.803778
5459	5835.789972	76.893023	-8.914832	1.121018	18.074972
5461	5837.874326	76.766802	-8.933346	1.117876	17.959298
5463	5839.958343	76.649631	-8.942278	1.114758	17.960591
5465	5842.042784	76.545257	-8.939201	1.111952	17.573395
5467	5844.126865	76.433661	-8.949698	1.109600	17.852816
5469	5846.211251	76.277646	-8.939926	1.107573	17.244738
5471	5848.295686	76.176975	-8.921298	1.104959	17.094028
5473	5850.380525	76.030992	-8.934752	1.103567	16.913859
5475	5852.465578	75.987906	-8.952665	1.101174	17.415996
5477	5854.550547	75.892460	-8.961282	1.099678	16.875115
5479	5856.635683	75.757463	-8.969906	1.097975	16.873848
5481	5858.720799	75.704935	-8.970464	1.096379	17.334422
5483	5860.805750	75.703480	-8.969347	1.094756	16.927348
5485	5862.890762	75.625107	-8.940523	1.092841	16.592457
5487	5864.975219	75.627765	-8.960865	1.091200	17.471230
5489	5867.059123	75.543100	-8.971053	1.090060	16.917730
5491	5869.143218	75.418805	-8.958943	1.088661	16.715457
5493	5871.227544	75.310730	-8.971987	1.086551	16.761562
5495	5873.311645	75.136162	-8.991572	1.085415	16.988426
5497	5875.395670	74.977885	-8.983041	1.083264	16.873885
5499	5877.480528	74.885594	-9.000411	1.081223	17.101724
5501	5879.565202	74.718007	-8.997878	1.079281	17.088260
5503	5881.649982	74.634601	-8.986623	1.076886	16.553046
5505	5883.735494	74.566664	-8.986777	1.074520	16.776992
5507	5885.820742	74.549707	-9.018266	1.072289	16.964832
5509	5887.905986	74.397670	-8.979954	1.069506	16.933180
5511	5889.990316	74.368912	-9.032708	1.066926	16.402811
5513	5892.075316	74.310504	-9.042975	1.063955	16.383512
5515	5894.160102	74.148198	-9.031097	1.060777	16.635972
5517	5896.244346	74.072871	-9.049139	1.058275	16.751000
5519	5898.327896	73.925495	-9.071002	1.055896	16.722825
5521	5900.412569	73.842725	-9.057085	1.053405	16.447308
5523	5902.497339	73.757176	-9.064300	1.051615	16.633061
5525	5904.581783	73.660546	-9.080252	1.049776	16.592838
5527	5906.666119	73.461100	-9.043685	1.047647	16.616638
5529	5908.750924	73.483102	-9.082052	1.045485	16.227411
5531	5910.836133	73.283091	-9.059828	1.043044	16.375048
5533	5912.921296	73.295026	-9.065152	1.040867	15.713951
5535	5915.005619	73.245175	-9.074773	1.039738	16.276339
5537	5917.090596	73.143698	-9.054621	1.038566	16.224647
5539	5919.175208	73.119257	-9.047494	1.036625	16.522629
5541	5921.259681	73.026367	-9.030920	1.035741	15.783514
5543	5923.343776	72.861458	-8.967067	1.033980	16.170484
5545	5925.427821	72.815016	-8.991688	1.032907	15.832857
5547	5927.511801	72.724624	-9.007929	1.031347	16.382064
5549	5929.596052	72.556704	-9.005461	1.029874	15.787919
5551	5931.680539	72.413454	-8.986832	1.027623	15.403133
5553	5933.764778	72.308166	-9.005304	1.026276	15.626027
5555	5935.849920	72.222479	-9.017650	1.024302	15.767644
5557	5937.934705	72.208510	-9.007256	1.022130	15.761475
5559	5940.019505	72.133621	-9.020146	1.019998	15.674207
5561	5942.104590	72.077829	-9.006524	1.017406	15.312179
5563	5944.189903	72.015812	-9.022248	1.014870	15.628025
5565	5946.275069	71.884536	-9.001393	1.011653	15.327363
5567	5948.359716	71.849751	-9.015990	1.009587	15.016280
5569	5950.444153	71.765927	-8.989489	1.006104	15.597071
5571	5952.528398	71.677219	-9.012589	1.004882	15.614648
5573	5954.612844	71.530564	-8.987021	1.002303	14.670341
5575	5956.697360	71.445277	-8.971419	0.999516	16.008614
5577	5958.781415	71.352824	-9.009337	0.998910	14.830252
5579	5960.866088	71.223513	-8.994097	0.996590	15.320647
5581	5962.951042	71.136946	-8.973096	0.993663	14.609734
5583	5965.035607	71.018955	-8.965435	0.992790	14.887082
5585	5967.120743	71.001509	-8.969660	0.990168	15.384987
5587	5969.205773	70.942952	-8.965132	0.988446	15.029124
5589	5971.290640	70.858205	-8.961087	0.986510	14.661220
5591	5973.374798	70.854644	-8.961003	0.985396	15.188864
5593	5975.458892	70.780889	-8.955978	0.984138	15.167881
5595	5977.543566	70.627012	-8.921659	0.982157	14.945198
5597	5979.627539	70.595017	-8.918550	0.981050	15.409881
5599	5981.711598	70.426222	-8.908628	0.979959	15.103530
5601	5983.795831	70.353111	-8.931105	0.978688	14.662847
5603	5985.880055	70.155084	-8.910107	0.976491	14.985240
5605	5987.964806	70.115986	-8.936362	0.974559	15.308818
5607	5990.049030	69.955223	-8.902011	0.972247	14.891992
5609	5992.133753	69.950039	-8.923770	0.970595	15.257367
5611	5994.218624	69.815687	-8.907670	0.968140	14.544576
5613	5996.303975	69.797986	-8.925133	0.966507	14.693063
5615	5998.389045	69.710215	-8.926018	0.963787	15.094342
5617	6000.474033	69.677234	-8.934964	0.961991	15.107997
5619	6002.558739	69.584629	-8.930979	0.959092	14.575155
5621	6004.643372	69.552094	-8.930847	0.956734	14.605545
5623	6006.727596	69.461762	-8.925284	0.953986	14.924901
5625	6008.811365	69.358967	-8.930956	0.952424	14.455763
5627	6010.896140	69.274055	-8.898598	0.949577	14.967518
5629	6012.980375	69.174031	-8.937163	0.949028	14.257457
5631	6015.065103	69.048549	-8.920534	0.947080	14.553781
5633	6017.149807	68.963849	-8.914293	0.944916	15.038899
5635	6019.234605	68.867573	-8.906859	0.943265	14.001717
5637	6021.318735	68.814579	-8.914139	0.941714	13.709153
5639	6023.403996	68.705786	-8.879634	0.939866	14.006996
5641	6025.488997	68.648611	-8.849011	0.936974	14.096962
5643	6027.573439	68.623259	-8.851703	0.935843	14.189566
5645	6029.657706	68.538911	-8.837296	0.934262	14.236672
5647	6031.742125	68.482737	-8.828582	0.932665	14.170239
5649	6033.825984	68.374195	-8.833525	0.932197	14.421691
5651	6035.910254	68.267244	-8.796794	0.930126	14.324380
5653	6037.994447	68.171881	-8.808872	0.929523	14.317882
5655	6040.078420	68.048991	-8.809690	0.927981	14.305683
5657	6042.163176	67.923390	-8.814169	0.926136	14.005112
5659	6044.247430	67.830227	-8.791096	0.923265	14.173433
5661	6046.332252	67.759132	-8.802939	0.921696	13.695610
5663	6048.417124	67.710373	-8.815053	0.920214	13.783713
5665	6050.502143	67.644846	-8.779717	0.917152	13.997125
5667	6052.587106	67.610745	-8.802805	0.915852	13.784336
5669	6054.671242	67.545281	-8.816151	0.913677	13.970097
5671	6056.756855	67.467561	-8.780026	0.911016	13.989050
5673	6058.841534	67.432582	-8.798488	0.909671	13.763102
5675	6060.925575	67.310260	-8.808227	0.907505	13.696930
5677	6063.010271	67.228913	-8.782742	0.905010	13.322976
5679	6065.094805	67.193301	-8.793900	0.903133	14.012934
5681	6067.178946	67.080288	-8.804382	0.902432	13.850908
5683	6069.263164	66.987753	-8.798843	0.899873	14.001179
5685	6071.347962	66.923402	-8.765504	0.897124	13.572949
5687	6073.432588	66.808299	-8.768707	0.895505	13.533584
5689	6075.517059	66.760660	-8.769634	0.894144	13.759446
5691	6077.602164	66.696314	-8.747462	0.892556	13.436428
5693	6079.686168	66.585573	-8.737283	0.890421	13.803755
5695	6081.771033	66.556353	-8.724523	0.888978	14.402981
5697	6083.855447	66.489800	-8.719805	0.887916	13.654213
5699	6085.939426	66.398450	-8.721607	0.886961	13.348804
5701	6088.023788	66.301964	-8.705776	0.884958	13.957545
5703	6090.107791	66.223583	-8.681303	0.883281	13.867274
5705	6092.191296	66.091191	-8.675709	0.881656	13.491533
5707	6094.275776	65.979111	-8.707463	0.881211	13.871659
5709	6096.360244	65.856187	-8.681822	0.878758	14.041757
5711	6098.444623	65.795207	-8.674301	0.876965	13.325129
5713	6100.529625	65.688878	-8.701183	0.875859	13.387121
5715	6102.614134	65.616168	-8.641930	0.872660	12.942655
5717	6104.699065	65.565019	-8.688434	0.871985	13.416464
5719	6106.784135	65.501113	-8.668441	0.870213	12.885174
5721	6108.868821	65.461078	-8.660089	0.867404	12.950751
5723	6110.953772	65.380037	-8.652114	0.865959	13.258091
5725	6113.038348	65.289787	-8.660647	0.863750	13.226644
5727	6115.123033	65.260584	-8.657983	0.861755	13.118471
5729	6117.207708	65.231219	-8.677829	0.861044	13.740129
5731	6119.291995	65.116857	-8.654437	0.858305	13.109404
5733	6121.376252	65.067980	-8.651236	0.856821	13.466300
5735	6123.460652	64.965840	-8.630953	0.854766	12.873444
5737	6125.545104	64.893732	-8.641957	0.853346	12.309135
5739	6127.629624	64.855206	-8.623257	0.851642	12.821944
5741	6129.714217	64.711934	-8.626000	0.849783	12.568598
5743	6131.798625	64.648284	-8.593722	0.847715	12.871748
5745	6133.883262	64.536136	-8.628086	0.847055	12.518061
5747	6135.967807	64.507989	-8.618989	0.845773	12.346994
5749	6138.052775	64.429692	-8.569722	0.842830	12.203269
5751	6140.136668	64.358511	-8.589093	0.841753	12.381806
5753	6142.220711	64.266061	-8.599506	0.841383	12.760074
5755	6144.304858	64.164031	-8.564335	0.839082	12.811267
5757	6146.388882	64.091802	-8.578652	0.838799	12.456860
5759	6148.472258	63.967522	-8.556004	0.836037	12.304988
5761	6150.557444	63.893682	-8.546174	0.834537	12.777077
5763	6152.641923	63.828322	-8.581016	0.834051	12.367871
5765	6154.726533	63.722931	-8.570366	0.832312	12.504350
5767	6156.811224	63.670604	-8.549831	0.829969	12.410225
5769	6158.895929	63.597027	-8.531124	0.827332	11.980610
5771	6160.980658	63.553994	-8.531708	0.825905	12.202210
5773	6163.066104	63.481329	-8.541513	0.824825	12.273107
5775	6165.150677	63.447808	-8.521748	0.822365	12.261807
5777	6167.235566	63.411687	-8.506917	0.820760	12.069174
5779	6169.319973	63.364513	-8.510859	0.818962	11.975683
5781	6171.403791	63.288766	-8.516015	0.817940	11.894398
5783	6173.488511	63.177063	-8.497358	0.816136	11.710821
5785	6175.573384	63.131016	-8.486936	0.814400	12.136323
5787	6177.657706	63.052923	-8.490499	0.813634	11.758928
5789	6179.742395	62.959571	-8.473196	0.812074	12.220258
5791	6181.826343	62.900059	-8.446994	0.809772	12.130479
5793	6183.910765	62.815322	-8.453837	0.808907	11.902220
5795	6185.995277	62.758864	-8.421256	0.805922	11.732380
5797	6188.080053	62.713051	-8.404790	0.804905	12.082994
5799	6190.164462	62.653840	-8.399711	0.803335	11.679612
5801	6192.248587	62.574033	-8.386299	0.802681	11.748887
5803	6194.332809	62.490244	-8.326688	0.799887	11.765074
5805	6196.416921	62.397385	-8.336761	0.800631	12.042644
5807	6198.501160	62.265150	-8.309185	0.798434	11.886893
5809	6200.584669	62.187088	-8.300952	0.797582	11.601581
5811	6202.668746	62.074990	-8.274446	0.795717	11.908927
5813	6204.753400	62.043613	-8.302176	0.795165	11.929864
5815	6206.837881	61.900559	-8.259043	0.792762	11.718536
5817	6208.922339	61.885303	-8.222332	0.790544	11.967004
5819	6211.006640	61.802867	-8.246876	0.789919	11.637859
5821	6213.091678	61.725887	-8.227274	0.788398	11.589242
5823	6215.176775	61.709213	-8.236085	0.787023	12.115785
5825	6217.261254	61.638925	-8.220544	0.784565	11.816163
5827	6219.346403	61.609201	-8.197108	0.783020	11.294023
5829	6221.430961	61.551215	-8.214817	0.782039	11.588456
5831	6223.515083	61.483817	-8.214672	0.780764	12.207391
5833	6225.599419	61.417672	-8.216409	0.779741	11.390234
5835	6227.683982	61.323494	-8.221182	0.778123	11.659575
5837	6229.767973	61.277721	-8.192449	0.776008	11.607226
5839	6231.853029	61.219487	-8.186070	0.774954	11.835646
5841	6233.937162	61.138633	-8.185666	0.774086	11.390983
5843	6236.021856	61.048564	-8.182975	0.772541	11.255188
5845	6238.105945	60.969851	-8.170002	0.770154	11.458390
5847	6240.190488	60.923149	-8.135466	0.768705	11.188615
5849	6242.274454	60.867669	-8.113093	0.766463	11.638702
5851	6244.359234	60.809663	-8.126827	0.766355	11.302008
5853	6246.443511	60.711690	-8.110475	0.764273	11.085792
5855	6248.527215	60.646566	-8.090372	0.763603	10.904233
5857	6250.611095	60.559013	-8.087482	0.762211	11.078791
5859	6252.695650	60.464701	-8.062516	0.759837	11.050384
5861	6254.779746	60.417535	-8.042414	0.759025	11.204428
5863	6256.864378	60.313483	-8.026272	0.757048	10.967326
5865	6258.948261	60.232449	-8.040438	0.756513	11.040811
5867	6261.031896	60.147871	-8.005584	0.754804	11.255007
5869	6263.116935	60.095076	-8.007186	0.753192	10.909486
5871	6265.201986	60.020969	-8.013805	0.752611	11.273277
5873	6267.286907	59.972460	-7.983096	0.750152	10.641400
5875	6269.371792	59.941048	-8.005285	0.749410	10.524320
5877	6271.456611	59.882044	-8.002889	0.748499	10.751109
5879	6273.541272	59.807906	-7.969476	0.746000	10.734637
5881	6275.625284	59.784339	-7.978075	0.745460	10.647627
5883	6277.710376	59.709654	-7.982563	0.744125	10.549149
5885	6279.794862	59.650085	-7.966172	0.742964	10.787986
5887	6281.879600	59.581825	-7.961374	0.741523	10.571054
5889	6283.963083	59.509212	-7.951020	0.739749	10.461484
5891	6286.047708	59.475278	-7.930658	0.738930	10.526337
5893	6288.132230	59.379669	-7.921752	0.736625	10.567995
5895	6290.216863	59.325064	-7.907402	0.735342	10.371661
5897	6292.301061	59.263927	-7.884050	0.733534	10.620530
5899	6294.385080	59.198695	-7.878036	0.732337	10.381673
5901	6296.469981	59.126481	-7.857914	0.730604	10.565016
5903	6298.553990	59.103877	-7.820325	0.728921	10.382425
5905	6300.637611	59.021181	-7.835574	0.728939	10.417487
5907	6302.722317	58.919721	-7.803308	0.727037	10.332723
5909	6304.805839	58.852154	-7.789578	0.725858	10.192192
5911	6306.890259	58.769916	-7.791390	0.725502	10.520820
5913	6308.974228	58.667704	-7.772031	0.724160	10.118970
5915	6311.058437	58.602002	-7.763782	0.723108	10.386288
5917	6313.142930	58.502630	-7.747507	0.721432	10.267729
5919	6315.227371	58.440695	-7.733890	0.720804	9.895929
5921	6317.311964	58.398443	-7.703976	0.718376	10.627255
5923	6319.396717	58.342445	-7.712811	0.718182	10.494481
5925	6321.481078	58.266614	-7.694920	0.715958	10.413998
5927	6323.566295	58.231476	-7.677634	0.714438	10.206205
5929	6325.650891	58.185448	-7.676192	0.713054	10.273720
5931	6327.735354	58.150501	-7.657348	0.711788	10.001159
5933	6329.820006	58.069758	-7.683709	0.710856	10.216570
5935	6331.904177	58.016717	-7.653113	0.709372	10.080373
5937	6333.989197	57.975184	-7.649495	0.708080	10.722467
5939	6336.073260	57.900066	-7.643631	0.706778	9.980638
5941	6338.157948	57.846318	-7.608165	0.704709	10.221926
5943	6340.241820	57.785072	-7.595050	0.703544	10.047831
5945	6342.326878	57.728318	-7.588170	0.702021	10.109801
5947	6344.411320	57.666339	-7.569995	0.701005	9.816104
5949	6346.495074	57.587136	-7.572962	0.700564	10.297102
5951	6348.579896	57.515554	-7.538541	0.698189	9.689115
5953	6350.664103	57.453340	-7.529797	0.697789	10.323595
5955	6352.748002	57.377618	-7.516929	0.696409	10.379342
5957	6354.832219	57.289115	-7.490557	0.695102	9.995464
