crossing time (s)	slope (V/s)	crossing number
281474976710655.000000	33.867886	4810	0.000000
281474976710655.000000	40.429108	4811	0.000000
281474976710655.000000	42.843636	4812	0.000000
281474976710655.000000	42.607067	4813	0.000000
281474976710655.000000	55.658577	4814	0.000000
281474976710655.000000	39.713985	4815	0.000000
281474976710655.000000	41.004108	4816	0.000000
281474976710655.000000	42.589905	4817	0.000000
281474976710655.000000	42.801697	4818	0.000000
281474976710655.000000	32.632431	4819	0.000000
281474976710655.000000	35.392895	4820	0.000000
281474976710655.000000	35.193123	4821	0.000000
281474976710655.000000	41.137192	4822	0.000000
281474976710655.000000	56.229336	4823	0.000000
281474976710655.000000	40.407383	4824	0.000000
281474976710655.000000	36.408817	4825	0.000000
281474976710655.000000	42.692024	4826	0.000000
281474976710655.000000	44.861320	4827	0.000000
281474976710655.000000	51.594444	4828	0.000000
281474976710655.000000	42.182228	4829	0.000000
281474976710655.000000	41.069035	4830	0.000000
281474976710655.000000	37.680878	4831	0.000000
281474976710655.000000	52.132320	4832	0.000000
281474976710655.000000	41.624557	4833	0.000000
281474976710655.000000	40.088570	4834	0.000000
281474976710655.000000	36.423050	4835	0.000000
281474976710655.000000	50.263584	4836	0.000000
281474976710655.000000	50.863304	4837	0.000000
281474976710655.000000	34.200500	4838	0.000000
281474976710655.000000	42.451473	4839	0.000000
281474976710655.000000	33.935253	4840	0.000000
281474976710655.000000	34.690353	4841	0.000000
281474976710655.000000	40.907322	4842	0.000000
281474976710655.000000	39.180149	4843	0.000000
281474976710655.000000	41.145153	4844	0.000000
281474976710655.000000	38.879944	4845	0.000000
281474976710655.000000	41.198448	4846	0.000000
281474976710655.000000	42.432732	4847	0.000000
281474976710655.000000	40.637150	4848	0.000000
281474976710655.000000	45.022385	4849	0.000000
281474976710655.000000	42.161396	4850	0.000000
281474976710655.000000	45.688450	4851	0.000000
281474976710655.000000	47.556564	4852	0.000000
281474976710655.000000	35.886574	4853	0.000000
281474976710655.000000	38.326790	4854	0.000000
281474976710655.000000	40.465515	4855	0.000000
281474976710655.000000	38.600857	4856	0.000000
281474976710655.000000	40.014755	4857	0.000000
281474976710655.000000	40.079037	4858	0.000000
281474976710655.000000	39.898510	4859	0.000000
281474976710655.000000	44.837788	4860	0.000000
281474976710655.000000	40.846317	4861	0.000000
281474976710655.000000	41.165657	4862	0.000000
281474976710655.000000	39.748680	4863	0.000000
281474976710655.000000	37.890060	4864	0.000000
281474976710655.000000	41.186592	4865	0.000000
281474976710655.000000	40.476421	4866	0.000000
281474976710655.000000	37.622845	4867	0.000000
281474976710655.000000	35.179317	4868	0.000000
281474976710655.000000	32.882988	4869	0.000000
281474976710655.000000	39.943264	4870	0.000000
281474976710655.000000	32.724251	4871	0.000000
281474976710655.000000	39.330963	4872	0.000000
281474976710655.000000	38.980583	4873	0.000000
281474976710655.000000	37.241901	4874	0.000000
281474976710655.000000	31.123331	4875	0.000000
281474976710655.000000	39.416756	4876	0.000000
281474976710655.000000	32.303795	4877	0.000000
281474976710655.000000	40.423527	4878	0.000000
281474976710655.000000	40.219608	4879	0.000000
281474976710655.000000	39.217587	4880	0.000000
281474976710655.000000	42.381180	4881	0.000000
281474976710655.000000	36.838295	4882	0.000000
281474976710655.000000	36.676479	4883	0.000000
281474976710655.000000	36.689831	4884	0.000000
281474976710655.000000	47.087723	4885	0.000000
281474976710655.000000	32.004784	4886	0.000000
281474976710655.000000	35.629574	4887	0.000000
281474976710655.000000	32.136208	4888	0.000000
281474976710655.000000	38.368645	4889	0.000000
281474976710655.000000	38.145809	4890	0.000000
281474976710655.000000	33.644058	4891	0.000000
281474976710655.000000	35.901615	4892	0.000000
281474976710655.000000	41.680119	4893	0.000000
281474976710655.000000	33.292629	4894	0.000000
281474976710655.000000	38.019722	4895	0.000000
281474976710655.000000	36.275864	4896	0.000000
281474976710655.000000	37.774300	4897	0.000000
281474976710655.000000	35.408466	4898	0.000000
281474976710655.000000	33.156006	4899	0.000000
281474976710655.000000	32.656071	4900	0.000000
281474976710655.000000	38.108025	4901	0.000000
281474976710655.000000	41.411087	4902	0.000000
281474976710655.000000	38.419121	4903	0.000000
281474976710655.000000	31.212267	4904	0.000000
281474976710655.000000	33.246830	4905	0.000000
281474976710655.000000	41.691963	4906	0.000000
281474976710655.000000	43.688137	4907	0.000000
281474976710655.000000	34.432632	4908	0.000000
281474976710655.000000	41.699810	4909	0.000000
281474976710655.000000	33.422905	4910	0.000000
281474976710655.000000	38.711674	4911	0.000000
281474976710655.000000	36.455368	4912	0.000000
281474976710655.000000	34.878536	4913	0.000000
281474976710655.000000	35.087704	4914	0.000000
281474976710655.000000	37.147388	4915	0.000000
281474976710655.000000	36.751915	4916	0.000000
281474976710655.000000	37.258038	4917	0.000000
281474976710655.000000	34.821175	4918	0.000000
281474976710655.000000	38.219753	4919	0.000000
281474976710655.000000	38.468742	4920	0.000000
281474976710655.000000	37.084141	4921	0.000000
281474976710655.000000	33.008522	4922	0.000000
281474976710655.000000	36.877823	4923	0.000000
281474976710655.000000	38.120754	4924	0.000000
281474976710655.000000	36.404411	4925	0.000000
281474976710655.000000	35.222370	4926	0.000000
281474976710655.000000	33.614399	4927	0.000000
281474976710655.000000	36.472969	4928	0.000000
281474976710655.000000	36.243839	4929	0.000000
281474976710655.000000	38.045444	4930	0.000000
281474976710655.000000	34.300564	4931	0.000000
281474976710655.000000	32.169308	4932	0.000000
281474976710655.000000	36.069107	4933	0.000000
281474976710655.000000	33.856533	4934	0.000000
281474976710655.000000	39.434174	4935	0.000000
281474976710655.000000	42.508148	4936	0.000000
281474976710655.000000	39.643879	4937	0.000000
281474976710655.000000	39.493305	4938	0.000000
281474976710655.000000	35.421322	4939	0.000000
281474976710655.000000	37.479832	4940	0.000000
281474976710655.000000	38.721619	4941	0.000000
281474976710655.000000	31.450487	4942	0.000000
281474976710655.000000	38.620983	4943	0.000000
281474976710655.000000	35.211914	4944	0.000000
281474976710655.000000	31.761255	4945	0.000000
281474976710655.000000	35.234097	4946	0.000000
281474976710655.000000	41.384354	4947	0.000000
281474976710655.000000	31.263124	4948	0.000000
281474976710655.000000	33.309570	4949	0.000000
281474976710655.000000	35.129032	4950	0.000000
281474976710655.000000	33.105389	4951	0.000000
281474976710655.000000	35.142921	4952	0.000000
281474976710655.000000	32.506657	4953	0.000000
281474976710655.000000	39.270393	4954	0.000000
281474976710655.000000	36.200577	4955	0.000000
281474976710655.000000	34.818184	4956	0.000000
281474976710655.000000	34.242290	4957	0.000000
281474976710655.000000	34.554813	4958	0.000000
281474976710655.000000	34.733009	4959	0.000000
281474976710655.000000	34.444393	4960	0.000000
281474976710655.000000	42.485870	4961	0.000000
281474976710655.000000	30.891207	4962	0.000000
281474976710655.000000	38.115685	4963	0.000000
281474976710655.000000	30.866810	4964	0.000000
281474976710655.000000	28.820602	4965	0.000000
281474976710655.000000	30.191444	4966	0.000000
281474976710655.000000	34.001759	4967	0.000000
281474976710655.000000	35.179306	4968	0.000000
281474976710655.000000	37.706150	4969	0.000000
281474976710655.000000	34.204079	4970	0.000000
281474976710655.000000	34.072327	4971	0.000000
281474976710655.000000	34.345406	4972	0.000000
281474976710655.000000	37.375881	4973	0.000000
281474976710655.000000	33.595299	4974	0.000000
281474976710655.000000	33.938831	4975	0.000000
281474976710655.000000	34.467087	4976	0.000000
281474976710655.000000	37.462654	4977	0.000000
281474976710655.000000	34.024441	4978	0.000000
281474976710655.000000	39.539780	4979	0.000000
281474976710655.000000	33.985600	4980	0.000000
281474976710655.000000	32.651234	4981	0.000000
281474976710655.000000	37.264038	4982	0.000000
281474976710655.000000	32.759483	4983	0.000000
281474976710655.000000	33.792110	4984	0.000000
281474976710655.000000	29.005215	4985	0.000000
281474976710655.000000	34.786175	4986	0.000000
281474976710655.000000	33.307610	4987	0.000000
281474976710655.000000	36.772224	4988	0.000000
281474976710655.000000	31.558790	4989	0.000000
281474976710655.000000	33.443989	4990	0.000000
281474976710655.000000	33.032516	4991	0.000000
281474976710655.000000	33.471924	4992	0.000000
281474976710655.000000	34.060974	4993	0.000000
281474976710655.000000	34.705433	4994	0.000000
281474976710655.000000	33.029037	4995	0.000000
281474976710655.000000	31.503227	4996	0.000000
281474976710655.000000	32.529102	4997	0.000000
281474976710655.000000	33.371017	4998	0.000000
281474976710655.000000	37.620842	4999	0.000000
281474976710655.000000	32.920368	5000	0.000000
281474976710655.000000	32.499825	5001	0.000000
281474976710655.000000	33.028545	5002	0.000000
281474976710655.000000	30.005909	5003	0.000000
281474976710655.000000	32.745167	5004	0.000000
281474976710655.000000	29.928949	5005	0.000000
281474976710655.000000	33.104076	5006	0.000000
281474976710655.000000	35.571751	5007	0.000000
281474976710655.000000	29.966290	5008	0.000000
281474976710655.000000	29.104668	5009	0.000000
281474976710655.000000	33.954365	5010	0.000000
281474976710655.000000	28.351221	5011	0.000000
281474976710655.000000	32.144291	5012	0.000000
281474976710655.000000	30.424812	5013	0.000000
281474976710655.000000	39.798462	5014	0.000000
281474976710655.000000	30.449015	5015	0.000000
281474976710655.000000	31.392431	5016	0.000000
281474976710655.000000	32.462036	5017	0.000000
281474976710655.000000	28.083796	5018	0.000000
281474976710655.000000	31.871986	5019	0.000000
281474976710655.000000	30.073366	5020	0.000000
281474976710655.000000	32.523373	5021	0.000000
281474976710655.000000	33.971439	5022	0.000000
281474976710655.000000	33.242249	5023	0.000000
281474976710655.000000	28.981697	5024	0.000000
281474976710655.000000	31.837996	5025	0.000000
281474976710655.000000	28.199873	5026	0.000000
281474976710655.000000	32.552902	5027	0.000000
281474976710655.000000	31.746269	5028	0.000000
281474976710655.000000	29.083029	5029	0.000000
281474976710655.000000	29.165903	5030	0.000000
281474976710655.000000	31.652082	5031	0.000000
281474976710655.000000	29.591410	5032	0.000000
281474976710655.000000	38.506275	5033	0.000000
281474976710655.000000	30.976255	5034	0.000000
281474976710655.000000	30.852234	5035	0.000000
281474976710655.000000	27.327799	5036	0.000000
281474976710655.000000	28.934912	5037	0.000000
281474976710655.000000	34.982449	5038	0.000000
281474976710655.000000	30.402555	5039	0.000000
281474976710655.000000	30.620827	5040	0.000000
281474976710655.000000	29.458488	5041	0.000000
281474976710655.000000	29.477160	5042	0.000000
281474976710655.000000	29.242117	5043	0.000000
281474976710655.000000	30.814894	5044	0.000000
281474976710655.000000	28.580109	5045	0.000000
281474976710655.000000	31.600973	5046	0.000000
281474976710655.000000	30.878767	5047	0.000000
281474976710655.000000	29.006964	5048	0.000000
281474976710655.000000	33.750324	5049	0.000000
281474976710655.000000	27.098015	5050	0.000000
281474976710655.000000	29.762936	5051	0.000000
281474976710655.000000	29.869318	5052	0.000000
281474976710655.000000	31.054871	5053	0.000000
281474976710655.000000	30.342690	5054	0.000000
281474976710655.000000	28.141356	5055	0.000000
281474976710655.000000	31.072899	5056	0.000000
281474976710655.000000	30.124535	5057	0.000000
281474976710655.000000	28.232061	5058	0.000000
281474976710655.000000	27.894588	5059	0.000000
281474976710655.000000	31.505779	5060	0.000000
281474976710655.000000	30.133837	5061	0.000000
281474976710655.000000	32.966316	5062	0.000000
281474976710655.000000	30.704916	5063	0.000000
281474976710655.000000	31.219006	5064	0.000000
281474976710655.000000	30.225714	5065	0.000000
281474976710655.000000	33.089996	5066	0.000000
281474976710655.000000	33.562641	5067	0.000000
281474976710655.000000	27.957111	5068	0.000000
281474976710655.000000	29.704144	5069	0.000000
281474976710655.000000	28.693907	5070	0.000000
281474976710655.000000	29.059021	5071	0.000000
281474976710655.000000	33.589512	5072	0.000000
281474976710655.000000	32.243290	5073	0.000000
281474976710655.000000	30.144655	5074	0.000000
281474976710655.000000	29.532570	5075	0.000000
281474976710655.000000	31.267849	5076	0.000000
281474976710655.000000	31.327421	5077	0.000000
281474976710655.000000	32.201038	5078	0.000000
281474976710655.000000	26.878712	5079	0.000000
281474976710655.000000	28.243229	5080	0.000000
281474976710655.000000	28.402218	5081	0.000000
281474976710655.000000	26.548195	5082	0.000000
281474976710655.000000	25.527891	5083	0.000000
281474976710655.000000	25.216225	5084	0.000000
281474976710655.000000	26.799330	5085	0.000000
281474976710655.000000	26.239653	5086	0.000000
281474976710655.000000	28.689718	5087	0.000000
281474976710655.000000	30.387400	5088	0.000000
281474976710655.000000	26.480160	5089	0.000000
281474976710655.000000	29.297701	5090	0.000000
281474976710655.000000	29.127131	5091	0.000000
281474976710655.000000	28.832121	5092	0.000000
281474976710655.000000	28.314550	5093	0.000000
281474976710655.000000	30.297754	5094	0.000000
281474976710655.000000	28.134245	5095	0.000000
281474976710655.000000	27.358313	5096	0.000000
281474976710655.000000	26.426979	5097	0.000000
281474976710655.000000	29.960447	5098	0.000000
281474976710655.000000	27.952154	5099	0.000000
281474976710655.000000	28.038691	5100	0.000000
281474976710655.000000	27.709557	5101	0.000000
281474976710655.000000	28.583342	5102	0.000000
281474976710655.000000	31.177801	5103	0.000000
281474976710655.000000	26.199047	5104	0.000000
281474976710655.000000	28.216204	5105	0.000000
281474976710655.000000	27.726854	5106	0.000000
281474976710655.000000	30.980467	5107	0.000000
281474976710655.000000	28.104233	5108	0.000000
281474976710655.000000	26.665958	5109	0.000000
281474976710655.000000	25.854362	5110	0.000000
281474976710655.000000	25.884609	5111	0.000000
281474976710655.000000	27.238821	5112	0.000000
281474976710655.000000	27.904125	5113	0.000000
281474976710655.000000	27.851421	5114	0.000000
281474976710655.000000	27.755756	5115	0.000000
281474976710655.000000	27.366594	5116	0.000000
281474976710655.000000	26.078096	5117	0.000000
281474976710655.000000	28.736982	5118	0.000000
281474976710655.000000	27.727791	5119	0.000000
281474976710655.000000	28.124298	5120	0.000000
281474976710655.000000	28.773136	5121	0.000000
281474976710655.000000	27.999895	5122	0.000000
281474976710655.000000	28.733847	5123	0.000000
281474976710655.000000	25.496149	5124	0.000000
281474976710655.000000	26.384302	5125	0.000000
281474976710655.000000	27.402208	5126	0.000000
281474976710655.000000	28.837099	5127	0.000000
281474976710655.000000	25.317308	5128	0.000000
281474976710655.000000	29.449671	5129	0.000000
281474976710655.000000	25.274755	5130	0.000000
281474976710655.000000	28.636013	5131	0.000000
281474976710655.000000	25.275124	5132	0.000000
281474976710655.000000	25.671230	5133	0.000000
281474976710655.000000	25.066448	5134	0.000000
281474976710655.000000	26.936056	5135	0.000000
281474976710655.000000	25.546356	5136	0.000000
281474976710655.000000	28.505545	5137	0.000000
281474976710655.000000	29.365488	5138	0.000000
281474976710655.000000	24.819912	5139	0.000000
281474976710655.000000	26.567341	5140	0.000000
281474976710655.000000	28.973894	5141	0.000000
281474976710655.000000	26.145720	5142	0.000000
281474976710655.000000	28.143026	5143	0.000000
281474976710655.000000	25.234745	5144	0.000000
281474976710655.000000	26.608141	5145	0.000000
281474976710655.000000	26.947252	5146	0.000000
281474976710655.000000	26.578325	5147	0.000000
281474976710655.000000	25.293194	5148	0.000000
281474976710655.000000	26.252298	5149	0.000000
281474976710655.000000	27.355570	5150	0.000000
281474976710655.000000	25.509184	5151	0.000000
281474976710655.000000	27.489985	5152	0.000000
281474976710655.000000	25.578844	5153	0.000000
281474976710655.000000	27.937475	5154	0.000000
281474976710655.000000	27.515106	5155	0.000000
281474976710655.000000	24.862774	5156	0.000000
281474976710655.000000	26.958347	5157	0.000000
281474976710655.000000	25.274441	5158	0.000000
281474976710655.000000	24.277365	5159	0.000000
281474976710655.000000	25.791809	5160	0.000000
281474976710655.000000	27.114822	5161	0.000000
281474976710655.000000	27.658390	5162	0.000000
281474976710655.000000	23.849228	5163	0.000000
281474976710655.000000	24.643303	5164	0.000000
281474976710655.000000	26.108614	5165	0.000000
281474976710655.000000	25.792955	5166	0.000000
281474976710655.000000	26.033323	5167	0.000000
281474976710655.000000	23.980391	5168	0.000000
281474976710655.000000	24.114994	5169	0.000000
281474976710655.000000	24.675880	5170	0.000000
281474976710655.000000	24.047073	5171	0.000000
281474976710655.000000	24.338963	5172	0.000000
281474976710655.000000	24.030840	5173	0.000000
281474976710655.000000	23.013350	5174	0.000000
281474976710655.000000	23.784483	5175	0.000000
281474976710655.000000	25.084501	5176	0.000000
281474976710655.000000	27.364075	5177	0.000000
281474976710655.000000	24.779690	5178	0.000000
281474976710655.000000	25.849253	5179	0.000000
281474976710655.000000	25.275724	5180	0.000000
281474976710655.000000	25.804623	5181	0.000000
281474976710655.000000	25.073771	5182	0.000000
281474976710655.000000	26.679178	5183	0.000000
281474976710655.000000	24.515320	5184	0.000000
281474976710655.000000	24.079763	5185	0.000000
281474976710655.000000	25.441341	5186	0.000000
281474976710655.000000	23.764057	5187	0.000000
281474976710655.000000	24.563114	5188	0.000000
281474976710655.000000	24.306885	5189	0.000000
281474976710655.000000	24.936844	5190	0.000000
281474976710655.000000	24.064157	5191	0.000000
281474976710655.000000	24.183567	5192	0.000000
281474976710655.000000	23.488899	5193	0.000000
281474976710655.000000	25.498308	5194	0.000000
281474976710655.000000	24.747677	5195	0.000000
281474976710655.000000	24.759260	5196	0.000000
281474976710655.000000	23.749342	5197	0.000000
281474976710655.000000	25.738152	5198	0.000000
281474976710655.000000	24.499836	5199	0.000000
281474976710655.000000	26.826807	5200	0.000000
281474976710655.000000	26.038069	5201	0.000000
281474976710655.000000	24.377264	5202	0.000000
281474976710655.000000	26.865915	5203	0.000000
281474976710655.000000	23.110178	5204	0.000000
281474976710655.000000	24.980862	5205	0.000000
281474976710655.000000	24.425463	5206	0.000000
281474976710655.000000	24.822023	5207	0.000000
281474976710655.000000	25.167131	5208	0.000000
281474976710655.000000	24.672384	5209	0.000000
281474976710655.000000	25.740219	5210	0.000000
281474976710655.000000	23.543842	5211	0.000000
281474976710655.000000	23.137096	5212	0.000000
281474976710655.000000	24.419458	5213	0.000000
281474976710655.000000	24.009743	5214	0.000000
281474976710655.000000	24.228819	5215	0.000000
281474976710655.000000	24.055571	5216	0.000000
281474976710655.000000	24.344456	5217	0.000000
281474976710655.000000	25.415154	5218	0.000000
281474976710655.000000	23.437038	5219	0.000000
281474976710655.000000	22.120449	5220	0.000000
281474976710655.000000	23.707735	5221	0.000000
281474976710655.000000	22.938936	5222	0.000000
281474976710655.000000	23.331135	5223	0.000000
281474976710655.000000	23.843885	5224	0.000000
281474976710655.000000	21.983900	5225	0.000000
281474976710655.000000	23.636061	5226	0.000000
281474976710655.000000	25.847660	5227	0.000000
281474976710655.000000	23.918041	5228	0.000000
281474976710655.000000	22.618505	5229	0.000000
281474976710655.000000	22.749954	5230	0.000000
281474976710655.000000	22.934689	5231	0.000000
281474976710655.000000	24.002394	5232	0.000000
281474976710655.000000	22.624630	5233	0.000000
281474976710655.000000	22.271730	5234	0.000000
281474976710655.000000	23.907011	5235	0.000000
281474976710655.000000	23.058506	5236	0.000000
281474976710655.000000	21.903502	5237	0.000000
281474976710655.000000	24.160833	5238	0.000000
281474976710655.000000	22.673761	5239	0.000000
281474976710655.000000	22.777136	5240	0.000000
281474976710655.000000	22.953207	5241	0.000000
281474976710655.000000	22.248394	5242	0.000000
281474976710655.000000	23.358202	5243	0.000000
281474976710655.000000	22.810097	5244	0.000000
281474976710655.000000	23.571898	5245	0.000000
281474976710655.000000	22.668695	5246	0.000000
281474976710655.000000	22.545675	5247	0.000000
281474976710655.000000	22.592045	5248	0.000000
281474976710655.000000	24.259693	5249	0.000000
281474976710655.000000	24.206858	5250	0.000000
281474976710655.000000	22.543806	5251	0.000000
281474976710655.000000	22.659945	5252	0.000000
281474976710655.000000	23.566593	5253	0.000000
281474976710655.000000	22.463812	5254	0.000000
281474976710655.000000	23.613255	5255	0.000000
281474976710655.000000	21.976337	5256	0.000000
281474976710655.000000	22.179056	5257	0.000000
281474976710655.000000	22.007988	5258	0.000000
281474976710655.000000	23.836342	5259	0.000000
281474976710655.000000	22.614233	5260	0.000000
281474976710655.000000	23.398693	5261	0.000000
281474976710655.000000	22.208315	5262	0.000000
281474976710655.000000	22.686182	5263	0.000000
281474976710655.000000	23.293388	5264	0.000000
281474976710655.000000	22.539190	5265	0.000000
281474976710655.000000	23.969158	5266	0.000000
281474976710655.000000	22.336849	5267	0.000000
281474976710655.000000	21.902872	5268	0.000000
281474976710655.000000	22.908972	5269	0.000000
281474976710655.000000	22.203033	5270	0.000000
281474976710655.000000	24.333361	5271	0.000000
281474976710655.000000	23.269190	5272	0.000000
281474976710655.000000	21.701130	5273	0.000000
281474976710655.000000	21.973768	5274	0.000000
281474976710655.000000	22.235441	5275	0.000000
281474976710655.000000	21.713778	5276	0.000000
281474976710655.000000	21.181080	5277	0.000000
281474976710655.000000	22.469595	5278	0.000000
281474976710655.000000	22.696239	5279	0.000000
281474976710655.000000	21.088396	5280	0.000000
281474976710655.000000	22.491158	5281	0.000000
281474976710655.000000	21.911896	5282	0.000000
281474976710655.000000	20.396118	5283	0.000000
281474976710655.000000	21.730173	5284	0.000000
281474976710655.000000	21.277836	5285	0.000000
281474976710655.000000	22.440079	5286	0.000000
281474976710655.000000	22.354004	5287	0.000000
281474976710655.000000	23.094973	5288	0.000000
281474976710655.000000	22.659864	5289	0.000000
281474976710655.000000	22.474241	5290	0.000000
281474976710655.000000	21.837683	5291	0.000000
281474976710655.000000	21.383978	5292	0.000000
281474976710655.000000	22.473211	5293	0.000000
281474976710655.000000	21.953514	5294	0.000000
281474976710655.000000	20.838320	5295	0.000000
281474976710655.000000	21.577765	5296	0.000000
281474976710655.000000	21.065014	5297	0.000000
281474976710655.000000	22.989971	5298	0.000000
281474976710655.000000	21.122881	5299	0.000000
281474976710655.000000	21.634058	5300	0.000000
281474976710655.000000	21.559782	5301	0.000000
281474976710655.000000	20.807667	5302	0.000000
281474976710655.000000	21.123642	5303	0.000000
281474976710655.000000	21.760897	5304	0.000000
281474976710655.000000	20.604889	5305	0.000000
281474976710655.000000	21.404514	5306	0.000000
281474976710655.000000	22.211826	5307	0.000000
281474976710655.000000	21.739719	5308	0.000000
281474976710655.000000	20.319220	5309	0.000000
281474976710655.000000	21.523977	5310	0.000000
281474976710655.000000	20.927824	5311	0.000000
281474976710655.000000	21.425035	5312	0.000000
281474976710655.000000	20.872705	5313	0.000000
281474976710655.000000	21.567533	5314	0.000000
281474976710655.000000	21.037617	5315	0.000000
281474976710655.000000	20.643908	5316	0.000000
281474976710655.000000	21.043961	5317	0.000000
281474976710655.000000	20.521847	5318	0.000000
281474976710655.000000	21.241556	5319	0.000000
281474976710655.000000	20.788986	5320	0.000000
281474976710655.000000	21.201582	5321	0.000000
281474976710655.000000	20.533806	5322	0.000000
281474976710655.000000	20.096907	5323	0.000000
281474976710655.000000	21.862520	5324	0.000000
281474976710655.000000	20.173876	5325	0.000000
281474976710655.000000	20.770613	5326	0.000000
281474976710655.000000	20.997751	5327	0.000000
281474976710655.000000	20.958920	5328	0.000000
281474976710655.000000	19.743433	5329	0.000000
281474976710655.000000	21.256517	5330	0.000000
281474976710655.000000	19.813965	5331	0.000000
281474976710655.000000	20.690004	5332	0.000000
281474976710655.000000	20.237171	5333	0.000000
281474976710655.000000	19.936514	5334	0.000000
281474976710655.000000	20.352488	5335	0.000000
281474976710655.000000	20.345053	5336	0.000000
281474976710655.000000	19.954866	5337	0.000000
281474976710655.000000	20.569304	5338	0.000000
281474976710655.000000	20.891596	5339	0.000000
281474976710655.000000	20.597525	5340	0.000000
281474976710655.000000	20.190989	5341	0.000000
281474976710655.000000	19.865231	5342	0.000000
281474976710655.000000	19.294516	5343	0.000000
281474976710655.000000	20.226625	5344	0.000000
281474976710655.000000	20.470224	5345	0.000000
281474976710655.000000	20.318375	5346	0.000000
281474976710655.000000	20.396049	5347	0.000000
281474976710655.000000	20.377600	5348	0.000000
281474976710655.000000	20.075016	5349	0.000000
281474976710655.000000	19.762871	5350	0.000000
281474976710655.000000	20.238010	5351	0.000000
281474976710655.000000	19.521523	5352	0.000000
281474976710655.000000	19.546026	5353	0.000000
281474976710655.000000	20.534229	5354	0.000000
281474976710655.000000	20.933710	5355	0.000000
281474976710655.000000	19.792604	5356	0.000000
281474976710655.000000	19.505615	5357	0.000000
281474976710655.000000	20.028372	5358	0.000000
281474976710655.000000	19.456182	5359	0.000000
281474976710655.000000	19.663570	5360	0.000000
281474976710655.000000	20.115030	5361	0.000000
281474976710655.000000	19.286652	5362	0.000000
281474976710655.000000	19.692160	5363	0.000000
281474976710655.000000	20.097841	5364	0.000000
281474976710655.000000	19.173895	5365	0.000000
281474976710655.000000	19.769855	5366	0.000000
281474976710655.000000	19.648737	5367	0.000000
281474976710655.000000	19.749235	5368	0.000000
281474976710655.000000	19.961786	5369	0.000000
281474976710655.000000	19.162762	5370	0.000000
281474976710655.000000	19.421919	5371	0.000000
281474976710655.000000	19.891792	5372	0.000000
281474976710655.000000	19.960875	5373	0.000000
281474976710655.000000	20.556053	5374	0.000000
281474976710655.000000	19.627726	5375	0.000000
281474976710655.000000	20.382101	5376	0.000000
281474976710655.000000	19.275124	5377	0.000000
281474976710655.000000	19.370358	5378	0.000000
281474976710655.000000	18.749582	5379	0.000000
281474976710655.000000	19.190025	5380	0.000000
281474976710655.000000	18.363060	5381	0.000000
281474976710655.000000	20.523918	5382	0.000000
281474976710655.000000	18.221987	5383	0.000000
281474976710655.000000	19.584738	5384	0.000000
281474976710655.000000	18.962755	5385	0.000000
281474976710655.000000	19.731794	5386	0.000000
281474976710655.000000	18.851963	5387	0.000000
281474976710655.000000	20.174984	5388	0.000000
281474976710655.000000	18.719875	5389	0.000000
281474976710655.000000	19.480173	5390	0.000000
281474976710655.000000	18.839140	5391	0.000000
281474976710655.000000	19.144247	5392	0.000000
281474976710655.000000	18.791357	5393	0.000000
281474976710655.000000	19.390745	5394	0.000000
281474976710655.000000	19.188259	5395	0.000000
281474976710655.000000	18.552752	5396	0.000000
281474976710655.000000	17.717350	5397	0.000000
281474976710655.000000	19.831646	5398	0.000000
281474976710655.000000	18.770506	5399	0.000000
281474976710655.000000	18.879044	5400	0.000000
281474976710655.000000	18.859352	5401	0.000000
281474976710655.000000	19.211090	5402	0.000000
281474976710655.000000	18.407560	5403	0.000000
281474976710655.000000	18.938345	5404	0.000000
281474976710655.000000	18.425316	5405	0.000000
281474976710655.000000	18.870253	5406	0.000000
281474976710655.000000	18.916719	5407	0.000000
281474976710655.000000	19.353535	5408	0.000000
281474976710655.000000	17.971674	5409	0.000000
281474976710655.000000	18.925114	5410	0.000000
281474976710655.000000	18.879717	5411	0.000000
281474976710655.000000	18.185404	5412	0.000000
281474976710655.000000	18.917351	5413	0.000000
281474976710655.000000	18.617001	5414	0.000000
281474976710655.000000	18.885447	5415	0.000000
281474976710655.000000	18.184092	5416	0.000000
281474976710655.000000	19.145840	5417	0.000000
281474976710655.000000	18.298487	5418	0.000000
281474976710655.000000	18.328367	5419	0.000000
281474976710655.000000	18.492268	5420	0.000000
281474976710655.000000	18.155708	5421	0.000000
281474976710655.000000	18.053116	5422	0.000000
281474976710655.000000	17.662966	5423	0.000000
281474976710655.000000	18.790567	5424	0.000000
281474976710655.000000	18.276878	5425	0.000000
281474976710655.000000	18.095196	5426	0.000000
281474976710655.000000	18.143497	5427	0.000000
281474976710655.000000	18.788225	5428	0.000000
281474976710655.000000	17.924433	5429	0.000000
281474976710655.000000	17.824644	5430	0.000000
281474976710655.000000	18.248631	5431	0.000000
281474976710655.000000	18.570534	5432	0.000000
281474976710655.000000	17.520237	5433	0.000000
281474976710655.000000	18.250504	5434	0.000000
281474976710655.000000	17.860756	5435	0.000000
281474976710655.000000	18.825089	5436	0.000000
281474976710655.000000	18.491611	5437	0.000000
281474976710655.000000	18.467188	5438	0.000000
281474976710655.000000	18.113045	5439	0.000000
281474976710655.000000	18.242548	5440	0.000000
281474976710655.000000	17.374399	5441	0.000000
281474976710655.000000	18.075331	5442	0.000000
281474976710655.000000	18.092539	5443	0.000000
281474976710655.000000	18.642008	5444	0.000000
281474976710655.000000	17.077257	5445	0.000000
281474976710655.000000	18.214771	5446	0.000000
281474976710655.000000	17.497528	5447	0.000000
281474976710655.000000	18.622610	5448	0.000000
281474976710655.000000	16.512016	5449	0.000000
281474976710655.000000	18.231068	5450	0.000000
281474976710655.000000	16.806606	5451	0.000000
281474976710655.000000	18.649889	5452	0.000000
281474976710655.000000	17.409367	5453	0.000000
281474976710655.000000	17.742212	5454	0.000000
281474976710655.000000	17.362015	5455	0.000000
281474976710655.000000	17.558918	5456	0.000000
281474976710655.000000	17.177773	5457	0.000000
281474976710655.000000	17.899208	5458	0.000000
281474976710655.000000	17.083271	5459	0.000000
281474976710655.000000	17.708349	5460	0.000000
281474976710655.000000	16.884041	5461	0.000000
281474976710655.000000	17.786417	5462	0.000000
281474976710655.000000	17.482044	5463	0.000000
281474976710655.000000	17.836168	5464	0.000000
281474976710655.000000	16.786671	5465	0.000000
281474976710655.000000	17.135269	5466	0.000000
281474976710655.000000	16.879402	5467	0.000000
281474976710655.000000	17.506256	5468	0.000000
281474976710655.000000	16.789370	5469	0.000000
281474976710655.000000	17.410593	5470	0.000000
281474976710655.000000	16.683620	5471	0.000000
281474976710655.000000	17.212708	5472	0.000000
281474976710655.000000	16.659546	5473	0.000000
281474976710655.000000	17.116625	5474	0.000000
281474976710655.000000	17.065821	5475	0.000000
281474976710655.000000	16.556213	5476	0.000000
281474976710655.000000	16.537437	5477	0.000000
281474976710655.000000	16.599052	5478	0.000000
281474976710655.000000	17.522739	5479	0.000000
281474976710655.000000	17.096739	5480	0.000000
281474976710655.000000	16.501862	5481	0.000000
281474976710655.000000	16.706369	5482	0.000000
281474976710655.000000	16.754864	5483	0.000000
281474976710655.000000	16.759176	5484	0.000000
281474976710655.000000	16.400970	5485	0.000000
281474976710655.000000	16.786634	5486	0.000000
281474976710655.000000	16.885212	5487	0.000000
281474976710655.000000	16.662912	5488	0.000000
281474976710655.000000	16.859026	5489	0.000000
281474976710655.000000	16.889771	5490	0.000000
281474976710655.000000	16.832603	5491	0.000000
281474976710655.000000	16.923231	5492	0.000000
281474976710655.000000	16.853918	5493	0.000000
281474976710655.000000	17.140833	5494	0.000000
281474976710655.000000	16.450275	5495	0.000000
281474976710655.000000	17.044008	5496	0.000000
281474976710655.000000	16.600113	5497	0.000000
281474976710655.000000	16.867559	5498	0.000000
281474976710655.000000	16.514549	5499	0.000000
281474976710655.000000	17.259556	5500	0.000000
281474976710655.000000	16.426868	5501	0.000000
281474976710655.000000	16.730228	5502	0.000000
281474976710655.000000	16.280037	5503	0.000000
281474976710655.000000	16.963087	5504	0.000000
281474976710655.000000	16.062630	5505	0.000000
281474976710655.000000	16.825260	5506	0.000000
281474976710655.000000	16.687136	5507	0.000000
281474976710655.000000	17.099909	5508	0.000000
281474976710655.000000	16.464489	5509	0.000000
281474976710655.000000	16.565704	5510	0.000000
281474976710655.000000	16.114506	5511	0.000000
281474976710655.000000	16.548626	5512	0.000000
281474976710655.000000	16.180012	5513	0.000000
281474976710655.000000	16.413206	5514	0.000000
281474976710655.000000	15.738677	5515	0.000000
281474976710655.000000	16.915430	5516	0.000000
281474976710655.000000	16.321875	5517	0.000000
281474976710655.000000	16.831224	5518	0.000000
281474976710655.000000	15.989820	5519	0.000000
281474976710655.000000	16.237413	5520	0.000000
281474976710655.000000	16.115341	5521	0.000000
281474976710655.000000	16.020901	5522	0.000000
281474976710655.000000	16.283100	5523	0.000000
281474976710655.000000	16.013113	5524	0.000000
281474976710655.000000	15.757184	5525	0.000000
281474976710655.000000	16.028564	5526	0.000000
281474976710655.000000	15.942793	5527	0.000000
281474976710655.000000	16.459318	5528	0.000000
281474976710655.000000	16.128088	5529	0.000000
281474976710655.000000	16.093781	5530	0.000000
281474976710655.000000	15.719396	5531	0.000000
281474976710655.000000	15.869622	5532	0.000000
281474976710655.000000	15.424744	5533	0.000000
281474976710655.000000	16.040770	5534	0.000000
281474976710655.000000	15.419847	5535	0.000000
281474976710655.000000	16.008137	5536	0.000000
281474976710655.000000	15.309669	5537	0.000000
281474976710655.000000	15.877126	5538	0.000000
281474976710655.000000	15.545002	5539	0.000000
281474976710655.000000	16.043726	5540	0.000000
281474976710655.000000	15.501766	5541	0.000000
281474976710655.000000	16.344301	5542	0.000000
281474976710655.000000	15.200377	5543	0.000000
281474976710655.000000	16.018055	5544	0.000000
281474976710655.000000	14.942634	5545	0.000000
281474976710655.000000	16.128624	5546	0.000000
281474976710655.000000	15.417062	5547	0.000000
281474976710655.000000	15.904947	5548	0.000000
281474976710655.000000	15.259872	5549	0.000000
281474976710655.000000	15.698898	5550	0.000000
281474976710655.000000	14.939253	5551	0.000000
281474976710655.000000	15.684032	5552	0.000000
281474976710655.000000	14.769846	5553	0.000000
281474976710655.000000	15.562088	5554	0.000000
281474976710655.000000	14.730723	5555	0.000000
281474976710655.000000	15.518821	5556	0.000000
281474976710655.000000	15.102462	5557	0.000000
281474976710655.000000	15.894224	5558	0.000000
281474976710655.000000	15.000125	5559	0.000000
281474976710655.000000	15.530567	5560	0.000000
281474976710655.000000	15.047212	5561	0.000000
281474976710655.000000	15.813680	5562	0.000000
281474976710655.000000	15.036769	5563	0.000000
281474976710655.000000	15.385391	5564	0.000000
281474976710655.000000	15.746850	5565	0.000000
281474976710655.000000	15.284821	5566	0.000000
281474976710655.000000	14.776491	5567	0.000000
281474976710655.000000	14.988327	5568	0.000000
281474976710655.000000	14.827481	5569	0.000000
281474976710655.000000	15.325707	5570	0.000000
281474976710655.000000	14.832070	5571	0.000000
281474976710655.000000	14.769779	5572	0.000000
281474976710655.000000	15.145345	5573	0.000000
281474976710655.000000	15.708776	5574	0.000000
281474976710655.000000	15.078081	5575	0.000000
281474976710655.000000	15.009830	5576	0.000000
281474976710655.000000	14.967705	5577	0.000000
281474976710655.000000	15.127715	5578	0.000000
281474976710655.000000	15.066876	5579	0.000000
281474976710655.000000	14.695364	5580	0.000000
281474976710655.000000	14.843075	5581	0.000000
281474976710655.000000	15.005200	5582	0.000000
281474976710655.000000	15.235113	5583	0.000000
281474976710655.000000	15.588174	5584	0.000000
281474976710655.000000	15.515049	5585	0.000000
281474976710655.000000	14.802645	5586	0.000000
281474976710655.000000	15.600448	5587	0.000000
281474976710655.000000	15.005684	5588	0.000000
281474976710655.000000	14.952828	5589	0.000000
281474976710655.000000	15.126004	5590	0.000000
281474976710655.000000	14.923635	5591	0.000000
281474976710655.000000	14.916583	5592	0.000000
281474976710655.000000	14.268840	5593	0.000000
281474976710655.000000	15.083308	5594	0.000000
281474976710655.000000	14.805137	5595	0.000000
281474976710655.000000	15.595721	5596	0.000000
281474976710655.000000	15.205921	5597	0.000000
281474976710655.000000	15.156651	5598	0.000000
281474976710655.000000	14.798746	5599	0.000000
281474976710655.000000	14.826124	5600	0.000000
281474976710655.000000	14.289366	5601	0.000000
281474976710655.000000	15.308813	5602	0.000000
281474976710655.000000	14.443395	5603	0.000000
281474976710655.000000	14.990826	5604	0.000000
281474976710655.000000	14.254686	5605	0.000000
281474976710655.000000	14.660484	5606	0.000000
281474976710655.000000	14.307203	5607	0.000000
281474976710655.000000	15.219613	5608	0.000000
281474976710655.000000	13.800810	5609	0.000000
281474976710655.000000	14.879687	5610	0.000000
281474976710655.000000	14.567674	5611	0.000000
281474976710655.000000	14.948611	5612	0.000000
281474976710655.000000	14.061386	5613	0.000000
281474976710655.000000	14.877490	5614	0.000000
281474976710655.000000	14.249467	5615	0.000000
281474976710655.000000	15.253946	5616	0.000000
281474976710655.000000	13.668155	5617	0.000000
281474976710655.000000	14.399151	5618	0.000000
281474976710655.000000	14.289034	5619	0.000000
281474976710655.000000	14.790177	5620	0.000000
281474976710655.000000	14.231537	5621	0.000000
281474976710655.000000	14.855355	5622	0.000000
281474976710655.000000	14.338788	5623	0.000000
281474976710655.000000	14.550167	5624	0.000000
281474976710655.000000	14.319114	5625	0.000000
281474976710655.000000	14.798284	5626	0.000000
281474976710655.000000	14.073865	5627	0.000000
281474976710655.000000	14.481340	5628	0.000000
281474976710655.000000	13.971827	5629	0.000000
281474976710655.000000	14.359735	5630	0.000000
281474976710655.000000	14.626641	5631	0.000000
281474976710655.000000	14.789783	5632	0.000000
281474976710655.000000	13.936287	5633	0.000000
281474976710655.000000	13.897693	5634	0.000000
281474976710655.000000	13.613176	5635	0.000000
281474976710655.000000	14.048056	5636	0.000000
281474976710655.000000	13.490291	5637	0.000000
281474976710655.000000	13.892095	5638	0.000000
281474976710655.000000	13.566489	5639	0.000000
281474976710655.000000	14.170704	5640	0.000000
281474976710655.000000	13.557667	5641	0.000000
281474976710655.000000	14.223627	5642	0.000000
281474976710655.000000	14.021537	5643	0.000000
281474976710655.000000	13.940932	5644	0.000000
281474976710655.000000	13.736292	5645	0.000000
281474976710655.000000	14.446591	5646	0.000000
281474976710655.000000	14.121925	5647	0.000000
281474976710655.000000	14.368382	5648	0.000000
281474976710655.000000	13.619252	5649	0.000000
281474976710655.000000	14.159279	5650	0.000000
281474976710655.000000	13.783001	5651	0.000000
281474976710655.000000	14.137200	5652	0.000000
281474976710655.000000	13.239404	5653	0.000000
281474976710655.000000	14.099334	5654	0.000000
281474976710655.000000	13.428877	5655	0.000000
281474976710655.000000	14.090764	5656	0.000000
281474976710655.000000	13.442483	5657	0.000000
281474976710655.000000	13.876225	5658	0.000000
281474976710655.000000	13.534728	5659	0.000000
281474976710655.000000	13.998581	5660	0.000000
281474976710655.000000	13.911475	5661	0.000000
281474976710655.000000	13.477646	5662	0.000000
281474976710655.000000	13.585647	5663	0.000000
281474976710655.000000	13.524598	5664	0.000000
281474976710655.000000	13.396394	5665	0.000000
281474976710655.000000	13.752322	5666	0.000000
281474976710655.000000	13.366740	5667	0.000000
281474976710655.000000	13.626248	5668	0.000000
281474976710655.000000	13.024242	5669	0.000000
281474976710655.000000	13.578262	5670	0.000000
281474976710655.000000	13.812688	5671	0.000000
281474976710655.000000	13.888388	5672	0.000000
281474976710655.000000	13.287923	5673	0.000000
281474976710655.000000	13.517383	5674	0.000000
281474976710655.000000	13.117741	5675	0.000000
281474976710655.000000	13.682777	5676	0.000000
281474976710655.000000	13.354082	5677	0.000000
281474976710655.000000	13.695237	5678	0.000000
281474976710655.000000	13.524877	5679	0.000000
281474976710655.000000	13.834848	5680	0.000000
281474976710655.000000	13.319533	5681	0.000000
281474976710655.000000	13.769015	5682	0.000000
281474976710655.000000	13.248763	5683	0.000000
281474976710655.000000	13.741708	5684	0.000000
281474976710655.000000	13.065756	5685	0.000000
281474976710655.000000	13.300190	5686	0.000000
281474976710655.000000	13.179279	5687	0.000000
281474976710655.000000	14.026934	5688	0.000000
281474976710655.000000	13.283934	5689	0.000000
281474976710655.000000	13.520981	5690	0.000000
281474976710655.000000	12.960397	5691	0.000000
281474976710655.000000	13.419102	5692	0.000000
281474976710655.000000	13.317705	5693	0.000000
281474976710655.000000	14.067800	5694	0.000000
281474976710655.000000	13.225168	5695	0.000000
281474976710655.000000	13.689507	5696	0.000000
281474976710655.000000	12.787117	5697	0.000000
281474976710655.000000	13.471200	5698	0.000000
281474976710655.000000	12.525111	5699	0.000000
281474976710655.000000	13.816604	5700	0.000000
281474976710655.000000	12.609756	5701	0.000000
281474976710655.000000	13.756832	5702	0.000000
281474976710655.000000	12.471028	5703	0.000000
281474976710655.000000	13.329805	5704	0.000000
281474976710655.000000	12.508164	5705	0.000000
281474976710655.000000	13.775013	5706	0.000000
281474976710655.000000	12.521325	5707	0.000000
281474976710655.000000	13.606198	5708	0.000000
281474976710655.000000	12.489298	5709	0.000000
281474976710655.000000	13.551346	5710	0.000000
281474976710655.000000	12.322167	5711	0.000000
281474976710655.000000	13.086617	5712	0.000000
281474976710655.000000	12.348714	5713	0.000000
281474976710655.000000	12.881250	5714	0.000000
281474976710655.000000	12.167955	5715	0.000000
281474976710655.000000	13.046359	5716	0.000000
281474976710655.000000	12.553023	5717	0.000000
281474976710655.000000	12.796585	5718	0.000000
281474976710655.000000	12.414132	5719	0.000000
281474976710655.000000	12.703681	5720	0.000000
281474976710655.000000	12.309584	5721	0.000000
281474976710655.000000	12.892098	5722	0.000000
281474976710655.000000	12.189908	5723	0.000000
281474976710655.000000	12.877230	5724	0.000000
281474976710655.000000	12.331409	5725	0.000000
281474976710655.000000	12.767205	5726	0.000000
281474976710655.000000	12.376437	5727	0.000000
281474976710655.000000	13.274405	5728	0.000000
281474976710655.000000	12.519805	5729	0.000000
281474976710655.000000	12.832578	5730	0.000000
281474976710655.000000	12.258057	5731	0.000000
281474976710655.000000	13.167619	5732	0.000000
281474976710655.000000	12.476666	5733	0.000000
281474976710655.000000	12.825874	5734	0.000000
281474976710655.000000	12.322844	5735	0.000000
281474976710655.000000	12.520493	5736	0.000000
281474976710655.000000	12.467021	5737	0.000000
281474976710655.000000	12.570330	5738	0.000000
281474976710655.000000	12.306572	5739	0.000000
281474976710655.000000	12.625935	5740	0.000000
281474976710655.000000	12.285553	5741	0.000000
281474976710655.000000	12.531409	5742	0.000000
281474976710655.000000	11.974173	5743	0.000000
281474976710655.000000	12.424147	5744	0.000000
281474976710655.000000	11.966395	5745	0.000000
281474976710655.000000	12.258408	5746	0.000000
281474976710655.000000	11.917868	5747	0.000000
281474976710655.000000	12.096379	5748	0.000000
281474976710655.000000	12.060922	5749	0.000000
281474976710655.000000	12.515571	5750	0.000000
281474976710655.000000	12.019586	5751	0.000000
281474976710655.000000	12.400490	5752	0.000000
281474976710655.000000	12.041713	5753	0.000000
281474976710655.000000	12.910968	5754	0.000000
281474976710655.000000	11.929371	5755	0.000000
281474976710655.000000	12.493942	5756	0.000000
281474976710655.000000	11.864878	5757	0.000000
281474976710655.000000	12.516373	5758	0.000000
281474976710655.000000	11.728786	5759	0.000000
281474976710655.000000	12.815999	5760	0.000000
281474976710655.000000	11.870282	5761	0.000000
281474976710655.000000	12.150573	5762	0.000000
281474976710655.000000	11.662334	5763	0.000000
281474976710655.000000	12.305251	5764	0.000000
281474976710655.000000	11.744753	5765	0.000000
281474976710655.000000	12.218674	5766	0.000000
281474976710655.000000	11.844439	5767	0.000000
281474976710655.000000	11.966468	5768	0.000000
281474976710655.000000	11.855700	5769	0.000000
281474976710655.000000	12.108091	5770	0.000000
281474976710655.000000	11.984139	5771	0.000000
281474976710655.000000	12.190897	5772	0.000000
281474976710655.000000	11.717106	5773	0.000000
281474976710655.000000	12.029570	5774	0.000000
281474976710655.000000	11.603692	5775	0.000000
281474976710655.000000	12.035848	5776	0.000000
281474976710655.000000	11.700814	5777	0.000000
281474976710655.000000	12.032857	5778	0.000000
281474976710655.000000	11.610673	5779	0.000000
281474976710655.000000	11.983056	5780	0.000000
281474976710655.000000	11.716231	5781	0.000000
281474976710655.000000	12.102521	5782	0.000000
281474976710655.000000	11.765664	5783	0.000000
281474976710655.000000	11.934130	5784	0.000000
281474976710655.000000	12.032997	5785	0.000000
281474976710655.000000	11.894534	5786	0.000000
281474976710655.000000	11.931129	5787	0.000000
281474976710655.000000	12.006607	5788	0.000000
281474976710655.000000	11.768558	5789	0.000000
281474976710655.000000	11.859902	5790	0.000000
281474976710655.000000	11.695189	5791	0.000000
281474976710655.000000	11.841378	5792	0.000000
281474976710655.000000	11.579182	5793	0.000000
281474976710655.000000	11.880070	5794	0.000000
281474976710655.000000	11.570741	5795	0.000000
281474976710655.000000	12.044661	5796	0.000000
281474976710655.000000	11.420392	5797	0.000000
281474976710655.000000	11.979144	5798	0.000000
281474976710655.000000	11.672783	5799	0.000000
281474976710655.000000	12.030584	5800	0.000000
281474976710655.000000	11.411219	5801	0.000000
281474976710655.000000	11.796369	5802	0.000000
281474976710655.000000	11.104553	5803	0.000000
281474976710655.000000	11.938247	5804	0.000000
281474976710655.000000	11.200203	5805	0.000000
281474976710655.000000	11.708146	5806	0.000000
281474976710655.000000	11.474257	5807	0.000000
281474976710655.000000	11.670324	5808	0.000000
281474976710655.000000	11.433948	5809	0.000000
281474976710655.000000	11.819139	5810	0.000000
281474976710655.000000	11.346846	5811	0.000000
281474976710655.000000	11.709106	5812	0.000000
281474976710655.000000	11.161508	5813	0.000000
281474976710655.000000	11.725793	5814	0.000000
281474976710655.000000	11.149588	5815	0.000000
281474976710655.000000	11.613575	5816	0.000000
281474976710655.000000	11.027620	5817	0.000000
281474976710655.000000	11.650157	5818	0.000000
281474976710655.000000	11.058716	5819	0.000000
281474976710655.000000	11.858596	5820	0.000000
281474976710655.000000	11.168363	5821	0.000000
281474976710655.000000	11.988853	5822	0.000000
281474976710655.000000	11.094756	5823	0.000000
281474976710655.000000	11.940287	5824	0.000000
281474976710655.000000	10.863987	5825	0.000000
281474976710655.000000	11.685061	5826	0.000000
281474976710655.000000	10.979424	5827	0.000000
281474976710655.000000	11.563577	5828	0.000000
281474976710655.000000	10.964301	5829	0.000000
281474976710655.000000	11.704932	5830	0.000000
281474976710655.000000	10.824897	5831	0.000000
281474976710655.000000	11.321222	5832	0.000000
281474976710655.000000	10.889069	5833	0.000000
281474976710655.000000	11.340106	5834	0.000000
281474976710655.000000	10.979332	5835	0.000000
281474976710655.000000	11.542988	5836	0.000000
281474976710655.000000	10.874773	5837	0.000000
281474976710655.000000	11.593695	5838	0.000000
281474976710655.000000	10.865300	5839	0.000000
281474976710655.000000	11.404396	5840	0.000000
281474976710655.000000	10.793674	5841	0.000000
281474976710655.000000	11.492491	5842	0.000000
281474976710655.000000	10.847685	5843	0.000000
281474976710655.000000	11.166546	5844	0.000000
281474976710655.000000	10.817107	5845	0.000000
281474976710655.000000	11.250973	5846	0.000000
281474976710655.000000	10.786014	5847	0.000000
281474976710655.000000	11.221415	5848	0.000000
281474976710655.000000	10.547621	5849	0.000000
281474976710655.000000	11.079066	5850	0.000000
281474976710655.000000	10.629346	5851	0.000000
281474976710655.000000	11.160506	5852	0.000000
281474976710655.000000	10.761954	5853	0.000000
281474976710655.000000	11.117393	5854	0.000000
281474976710655.000000	10.615228	5855	0.000000
281474976710655.000000	10.997052	5856	0.000000
281474976710655.000000	10.446556	5857	0.000000
281474976710655.000000	10.978193	5858	0.000000
281474976710655.000000	10.639722	5859	0.000000
281474976710655.000000	11.115176	5860	0.000000
281474976710655.000000	10.500747	5861	0.000000
281474976710655.000000	10.961122	5862	0.000000
281474976710655.000000	10.630335	5863	0.000000
281474976710655.000000	10.935726	5864	0.000000
281474976710655.000000	10.397185	5865	0.000000
281474976710655.000000	10.941729	5866	0.000000
281474976710655.000000	10.273726	5867	0.000000
281474976710655.000000	10.981858	5868	0.000000
281474976710655.000000	10.564909	5869	0.000000
281474976710655.000000	11.135143	5870	0.000000
281474976710655.000000	10.339539	5871	0.000000
281474976710655.000000	10.838202	5872	0.000000
281474976710655.000000	10.523641	5873	0.000000
281474976710655.000000	10.590894	5874	0.000000
281474976710655.000000	10.391632	5875	0.000000
281474976710655.000000	10.864341	5876	0.000000
281474976710655.000000	10.552459	5877	0.000000
281474976710655.000000	10.659079	5878	0.000000
281474976710655.000000	10.298930	5879	0.000000
281474976710655.000000	10.706923	5880	0.000000
281474976710655.000000	10.402353	5881	0.000000
281474976710655.000000	10.569202	5882	0.000000
281474976710655.000000	10.559726	5883	0.000000
281474976710655.000000	10.569257	5884	0.000000
281474976710655.000000	10.342737	5885	0.000000
281474976710655.000000	10.569644	5886	0.000000
281474976710655.000000	10.316511	5887	0.000000
281474976710655.000000	10.637585	5888	0.000000
281474976710655.000000	10.382527	5889	0.000000
281474976710655.000000	10.615455	5890	0.000000
281474976710655.000000	10.436521	5891	0.000000
281474976710655.000000	10.401232	5892	0.000000
281474976710655.000000	10.160111	5893	0.000000
281474976710655.000000	10.512350	5894	0.000000
281474976710655.000000	10.199169	5895	0.000000
281474976710655.000000	10.485343	5896	0.000000
281474976710655.000000	10.140492	5897	0.000000
281474976710655.000000	10.346243	5898	0.000000
281474976710655.000000	10.245794	5899	0.000000
281474976710655.000000	10.539577	5900	0.000000
281474976710655.000000	10.227948	5901	0.000000
281474976710655.000000	10.387156	5902	0.000000
281474976710655.000000	9.946825	5903	0.000000
281474976710655.000000	10.377853	5904	0.000000
281474976710655.000000	10.093140	5905	0.000000
281474976710655.000000	10.294013	5906	0.000000
281474976710655.000000	10.164193	5907	0.000000
281474976710655.000000	10.307060	5908	0.000000
281474976710655.000000	9.957460	5909	0.000000
281474976710655.000000	10.488315	5910	0.000000
281474976710655.000000	9.954730	5911	0.000000
281474976710655.000000	10.302386	5912	0.000000
281474976710655.000000	9.957471	5913	0.000000
281474976710655.000000	10.313051	5914	0.000000
281474976710655.000000	10.093585	5915	0.000000
281474976710655.000000	10.199025	5916	0.000000
281474976710655.000000	9.995362	5917	0.000000
281474976710655.000000	10.178146	5918	0.000000
281474976710655.000000	10.043354	5919	0.000000
281474976710655.000000	10.333117	5920	0.000000
281474976710655.000000	9.951857	5921	0.000000
281474976710655.000000	10.313796	5922	0.000000
281474976710655.000000	9.748633	5923	0.000000
281474976710655.000000	10.444050	5924	0.000000
281474976710655.000000	10.039626	5925	0.000000
281474976710655.000000	10.263328	5926	0.000000
281474976710655.000000	9.989440	5927	0.000000
281474976710655.000000	10.103615	5928	0.000000
281474976710655.000000	9.842866	5929	0.000000
281474976710655.000000	10.148548	5930	0.000000
281474976710655.000000	9.901256	5931	0.000000
281474976710655.000000	10.169942	5932	0.000000
281474976710655.000000	10.041393	5933	0.000000
281474976710655.000000	10.181937	5934	0.000000
281474976710655.000000	9.794446	5935	0.000000
281474976710655.000000	10.188975	5936	0.000000
281474976710655.000000	9.964936	5937	0.000000
281474976710655.000000	10.044072	5938	0.000000
281474976710655.000000	9.935665	5939	0.000000
281474976710655.000000	10.256704	5940	0.000000
281474976710655.000000	9.724668	5941	0.000000
281474976710655.000000	9.896974	5942	0.000000
281474976710655.000000	9.919460	5943	0.000000
281474976710655.000000	9.982503	5944	0.000000
281474976710655.000000	9.778867	5945	0.000000
281474976710655.000000	10.110885	5946	0.000000
281474976710655.000000	9.692281	5947	0.000000
281474976710655.000000	10.092428	5948	0.000000
281474976710655.000000	9.750767	5949	0.000000
281474976710655.000000	9.851943	5950	0.000000
281474976710655.000000	9.637978	5951	0.000000
281474976710655.000000	9.950174	5952	0.000000
281474976710655.000000	9.530066	5953	0.000000
281474976710655.000000	10.118878	5954	0.000000
281474976710655.000000	9.572100	5955	0.000000
281474976710655.000000	10.100509	5956	0.000000
281474976710655.000000	9.470012	5957	0.000000
281474976710655.000000	9.901674	5958	0.000000
281474976710655.000000	9.359991	5959	0.000000
