crossing time (s)	slope (V/s)	crossing number
281474976710655.000000	43.472961	6148	0.000000
281474976710655.000000	39.531528	6149	0.000000
281474976710655.000000	53.268253	6150	0.000000
281474976710655.000000	42.248970	6151	0.000000
281474976710655.000000	42.626598	6152	0.000000
281474976710655.000000	46.730320	6153	0.000000
281474976710655.000000	37.778976	6154	0.000000
281474976710655.000000	46.863743	6155	0.000000
281474976710655.000000	43.536583	6156	0.000000
281474976710655.000000	35.543507	6157	0.000000
281474976710655.000000	41.807495	6158	0.000000
281474976710655.000000	46.136829	6159	0.000000
281474976710655.000000	35.488735	6160	0.000000
281474976710655.000000	42.612663	6161	0.000000
281474976710655.000000	34.836823	6162	0.000000
281474976710655.000000	51.535103	6163	0.000000
281474976710655.000000	42.170094	6164	0.000000
281474976710655.000000	34.466545	6165	0.000000
281474976710655.000000	34.309258	6166	0.000000
281474976710655.000000	41.832794	6167	0.000000
281474976710655.000000	50.801842	6168	0.000000
281474976710655.000000	51.148472	6169	0.000000
281474976710655.000000	41.804348	6170	0.000000
281474976710655.000000	34.079632	6171	0.000000
281474976710655.000000	41.554287	6172	0.000000
281474976710655.000000	41.830494	6173	0.000000
281474976710655.000000	41.613113	6174	0.000000
281474976710655.000000	36.277782	6175	0.000000
281474976710655.000000	45.708294	6176	0.000000
281474976710655.000000	35.949799	6177	0.000000
281474976710655.000000	34.413368	6178	0.000000
281474976710655.000000	41.676201	6179	0.000000
281474976710655.000000	40.603420	6180	0.000000
281474976710655.000000	34.882416	6181	0.000000
281474976710655.000000	34.097336	6182	0.000000
281474976710655.000000	42.551609	6183	0.000000
281474976710655.000000	40.807949	6184	0.000000
281474976710655.000000	42.023323	6185	0.000000
281474976710655.000000	50.175381	6186	0.000000
281474976710655.000000	50.627895	6187	0.000000
281474976710655.000000	35.826050	6188	0.000000
281474976710655.000000	35.982063	6189	0.000000
281474976710655.000000	33.381767	6190	0.000000
281474976710655.000000	50.651714	6191	0.000000
281474976710655.000000	40.158958	6192	0.000000
281474976710655.000000	41.594189	6193	0.000000
281474976710655.000000	41.812920	6194	0.000000
281474976710655.000000	37.619385	6195	0.000000
281474976710655.000000	33.658768	6196	0.000000
281474976710655.000000	41.742283	6197	0.000000
281474976710655.000000	35.424393	6198	0.000000
281474976710655.000000	37.430748	6199	0.000000
281474976710655.000000	37.500580	6200	0.000000
281474976710655.000000	33.474888	6201	0.000000
281474976710655.000000	39.976761	6202	0.000000
281474976710655.000000	39.537216	6203	0.000000
281474976710655.000000	43.639469	6204	0.000000
281474976710655.000000	39.568039	6205	0.000000
281474976710655.000000	41.101109	6206	0.000000
281474976710655.000000	34.105438	6207	0.000000
281474976710655.000000	34.837868	6208	0.000000
281474976710655.000000	39.014111	6209	0.000000
281474976710655.000000	39.999348	6210	0.000000
281474976710655.000000	39.141376	6211	0.000000
281474976710655.000000	48.709717	6212	0.000000
281474976710655.000000	39.896973	6213	0.000000
281474976710655.000000	43.345886	6214	0.000000
281474976710655.000000	40.151405	6215	0.000000
281474976710655.000000	32.790195	6216	0.000000
281474976710655.000000	38.869595	6217	0.000000
281474976710655.000000	36.970654	6218	0.000000
281474976710655.000000	38.099533	6219	0.000000
281474976710655.000000	39.016056	6220	0.000000
281474976710655.000000	48.035843	6221	0.000000
281474976710655.000000	34.918655	6222	0.000000
281474976710655.000000	35.734768	6223	0.000000
281474976710655.000000	32.440281	6224	0.000000
281474976710655.000000	37.663670	6225	0.000000
281474976710655.000000	38.535244	6226	0.000000
281474976710655.000000	38.130898	6227	0.000000
281474976710655.000000	38.374847	6228	0.000000
281474976710655.000000	34.203129	6229	0.000000
281474976710655.000000	42.687778	6230	0.000000
281474976710655.000000	31.652817	6231	0.000000
281474976710655.000000	38.901752	6232	0.000000
281474976710655.000000	41.092434	6233	0.000000
281474976710655.000000	37.841583	6234	0.000000
281474976710655.000000	34.071510	6235	0.000000
281474976710655.000000	39.459053	6236	0.000000
281474976710655.000000	39.323502	6237	0.000000
281474976710655.000000	37.903709	6238	0.000000
281474976710655.000000	38.041203	6239	0.000000
281474976710655.000000	33.046516	6240	0.000000
281474976710655.000000	37.983730	6241	0.000000
281474976710655.000000	37.384102	6242	0.000000
281474976710655.000000	37.300148	6243	0.000000
281474976710655.000000	35.272873	6244	0.000000
281474976710655.000000	35.427727	6245	0.000000
281474976710655.000000	41.542080	6246	0.000000
281474976710655.000000	40.442703	6247	0.000000
281474976710655.000000	35.478218	6248	0.000000
281474976710655.000000	37.195839	6249	0.000000
281474976710655.000000	46.051834	6250	0.000000
281474976710655.000000	32.379257	6251	0.000000
281474976710655.000000	40.344738	6252	0.000000
281474976710655.000000	43.467793	6253	0.000000
281474976710655.000000	36.511356	6254	0.000000
281474976710655.000000	34.404919	6255	0.000000
281474976710655.000000	36.829205	6256	0.000000
281474976710655.000000	36.575867	6257	0.000000
281474976710655.000000	39.968575	6258	0.000000
281474976710655.000000	36.965782	6259	0.000000
281474976710655.000000	36.384865	6260	0.000000
281474976710655.000000	34.747375	6261	0.000000
281474976710655.000000	34.251511	6262	0.000000
281474976710655.000000	36.516666	6263	0.000000
281474976710655.000000	37.547462	6264	0.000000
281474976710655.000000	34.847401	6265	0.000000
281474976710655.000000	40.429356	6266	0.000000
281474976710655.000000	36.461464	6267	0.000000
281474976710655.000000	35.157173	6268	0.000000
281474976710655.000000	36.677948	6269	0.000000
281474976710655.000000	35.687874	6270	0.000000
281474976710655.000000	42.922443	6271	0.000000
281474976710655.000000	33.559502	6272	0.000000
281474976710655.000000	29.291246	6273	0.000000
281474976710655.000000	35.878456	6274	0.000000
281474976710655.000000	35.866680	6275	0.000000
281474976710655.000000	36.893600	6276	0.000000
281474976710655.000000	35.443783	6277	0.000000
281474976710655.000000	37.368591	6278	0.000000
281474976710655.000000	31.111641	6279	0.000000
281474976710655.000000	37.220074	6280	0.000000
281474976710655.000000	35.593884	6281	0.000000
281474976710655.000000	33.491398	6282	0.000000
281474976710655.000000	33.430428	6283	0.000000
281474976710655.000000	35.682907	6284	0.000000
281474976710655.000000	34.839706	6285	0.000000
281474976710655.000000	31.172688	6286	0.000000
281474976710655.000000	35.313278	6287	0.000000
281474976710655.000000	34.858032	6288	0.000000
281474976710655.000000	34.920715	6289	0.000000
281474976710655.000000	35.072037	6290	0.000000
281474976710655.000000	32.479233	6291	0.000000
281474976710655.000000	35.007309	6292	0.000000
281474976710655.000000	35.798916	6293	0.000000
281474976710655.000000	34.849499	6294	0.000000
281474976710655.000000	38.016750	6295	0.000000
281474976710655.000000	32.236485	6296	0.000000
281474976710655.000000	30.235945	6297	0.000000
281474976710655.000000	31.865564	6298	0.000000
281474976710655.000000	34.522175	6299	0.000000
281474976710655.000000	35.008972	6300	0.000000
281474976710655.000000	34.442680	6301	0.000000
281474976710655.000000	40.792007	6302	0.000000
281474976710655.000000	39.801144	6303	0.000000
281474976710655.000000	37.573021	6304	0.000000
281474976710655.000000	33.970802	6305	0.000000
281474976710655.000000	33.746468	6306	0.000000
281474976710655.000000	29.900517	6307	0.000000
281474976710655.000000	35.550556	6308	0.000000
281474976710655.000000	31.246853	6309	0.000000
281474976710655.000000	33.925018	6310	0.000000
281474976710655.000000	37.185642	6311	0.000000
281474976710655.000000	30.405579	6312	0.000000
281474976710655.000000	33.855927	6313	0.000000
281474976710655.000000	41.082855	6314	0.000000
281474976710655.000000	34.633968	6315	0.000000
281474976710655.000000	33.839664	6316	0.000000
281474976710655.000000	35.364048	6317	0.000000
281474976710655.000000	30.016870	6318	0.000000
281474976710655.000000	36.957230	6319	0.000000
281474976710655.000000	30.726120	6320	0.000000
281474976710655.000000	36.644970	6321	0.000000
281474976710655.000000	29.909613	6322	0.000000
281474976710655.000000	33.951763	6323	0.000000
281474976710655.000000	33.033642	6324	0.000000
281474976710655.000000	38.821884	6325	0.000000
281474976710655.000000	37.322868	6326	0.000000
281474976710655.000000	35.126522	6327	0.000000
281474976710655.000000	33.364529	6328	0.000000
281474976710655.000000	37.769962	6329	0.000000
281474976710655.000000	34.488964	6330	0.000000
281474976710655.000000	33.590588	6331	0.000000
281474976710655.000000	38.308105	6332	0.000000
281474976710655.000000	29.629139	6333	0.000000
281474976710655.000000	33.177311	6334	0.000000
281474976710655.000000	36.682411	6335	0.000000
281474976710655.000000	32.831715	6336	0.000000
281474976710655.000000	32.863251	6337	0.000000
281474976710655.000000	32.507072	6338	0.000000
281474976710655.000000	31.415598	6339	0.000000
281474976710655.000000	32.752342	6340	0.000000
281474976710655.000000	38.774303	6341	0.000000
281474976710655.000000	35.183704	6342	0.000000
281474976710655.000000	31.157457	6343	0.000000
281474976710655.000000	30.137188	6344	0.000000
281474976710655.000000	33.335842	6345	0.000000
281474976710655.000000	38.182404	6346	0.000000
281474976710655.000000	31.864788	6347	0.000000
281474976710655.000000	32.665981	6348	0.000000
281474976710655.000000	32.472359	6349	0.000000
281474976710655.000000	31.767242	6350	0.000000
281474976710655.000000	30.385941	6351	0.000000
281474976710655.000000	32.362740	6352	0.000000
281474976710655.000000	28.770897	6353	0.000000
281474976710655.000000	32.297718	6354	0.000000
281474976710655.000000	32.001915	6355	0.000000
281474976710655.000000	28.255238	6356	0.000000
281474976710655.000000	29.578741	6357	0.000000
281474976710655.000000	33.452530	6358	0.000000
281474976710655.000000	31.817814	6359	0.000000
281474976710655.000000	34.654110	6360	0.000000
281474976710655.000000	29.978165	6361	0.000000
281474976710655.000000	31.885038	6362	0.000000
281474976710655.000000	30.887669	6363	0.000000
281474976710655.000000	32.371307	6364	0.000000
281474976710655.000000	28.965942	6365	0.000000
281474976710655.000000	31.703062	6366	0.000000
281474976710655.000000	31.537859	6367	0.000000
281474976710655.000000	31.983498	6368	0.000000
281474976710655.000000	30.373550	6369	0.000000
281474976710655.000000	28.927023	6370	0.000000
281474976710655.000000	31.159332	6371	0.000000
281474976710655.000000	31.544029	6372	0.000000
281474976710655.000000	31.670794	6373	0.000000
281474976710655.000000	31.254549	6374	0.000000
281474976710655.000000	32.901901	6375	0.000000
281474976710655.000000	30.834913	6376	0.000000
281474976710655.000000	30.402126	6377	0.000000
281474976710655.000000	31.257519	6378	0.000000
281474976710655.000000	31.670229	6379	0.000000
281474976710655.000000	30.910263	6380	0.000000
281474976710655.000000	34.284981	6381	0.000000
281474976710655.000000	29.159513	6382	0.000000
281474976710655.000000	34.667927	6383	0.000000
281474976710655.000000	28.222897	6384	0.000000
281474976710655.000000	29.971865	6385	0.000000
281474976710655.000000	33.010765	6386	0.000000
281474976710655.000000	32.011307	6387	0.000000
281474976710655.000000	29.817963	6388	0.000000
281474976710655.000000	30.850298	6389	0.000000
281474976710655.000000	31.005648	6390	0.000000
281474976710655.000000	31.348162	6391	0.000000
281474976710655.000000	31.408285	6392	0.000000
281474976710655.000000	28.930601	6393	0.000000
281474976710655.000000	29.383209	6394	0.000000
281474976710655.000000	28.148138	6395	0.000000
281474976710655.000000	28.603903	6396	0.000000
281474976710655.000000	29.587088	6397	0.000000
281474976710655.000000	31.461197	6398	0.000000
281474976710655.000000	28.095901	6399	0.000000
281474976710655.000000	30.584541	6400	0.000000
281474976710655.000000	31.515978	6401	0.000000
281474976710655.000000	33.887066	6402	0.000000
281474976710655.000000	27.688986	6403	0.000000
281474976710655.000000	26.663244	6404	0.000000
281474976710655.000000	29.887337	6405	0.000000
281474976710655.000000	28.204630	6406	0.000000
281474976710655.000000	31.238937	6407	0.000000
281474976710655.000000	29.807419	6408	0.000000
281474976710655.000000	28.065985	6409	0.000000
281474976710655.000000	28.287094	6410	0.000000
281474976710655.000000	29.456423	6411	0.000000
281474976710655.000000	29.871334	6412	0.000000
281474976710655.000000	30.732630	6413	0.000000
281474976710655.000000	28.139952	6414	0.000000
281474976710655.000000	27.319998	6415	0.000000
281474976710655.000000	26.199081	6416	0.000000
281474976710655.000000	29.051445	6417	0.000000
281474976710655.000000	29.632212	6418	0.000000
281474976710655.000000	28.875860	6419	0.000000
281474976710655.000000	27.368834	6420	0.000000
281474976710655.000000	28.907627	6421	0.000000
281474976710655.000000	27.089817	6422	0.000000
281474976710655.000000	27.349298	6423	0.000000
281474976710655.000000	29.521574	6424	0.000000
281474976710655.000000	26.456537	6425	0.000000
281474976710655.000000	29.475082	6426	0.000000
281474976710655.000000	30.326694	6427	0.000000
281474976710655.000000	28.651728	6428	0.000000
281474976710655.000000	27.881477	6429	0.000000
281474976710655.000000	29.376894	6430	0.000000
281474976710655.000000	25.324114	6431	0.000000
281474976710655.000000	28.148977	6432	0.000000
281474976710655.000000	26.321733	6433	0.000000
281474976710655.000000	29.663561	6434	0.000000
281474976710655.000000	27.803432	6435	0.000000
281474976710655.000000	28.758118	6436	0.000000
281474976710655.000000	32.285252	6437	0.000000
281474976710655.000000	29.328308	6438	0.000000
281474976710655.000000	29.754606	6439	0.000000
281474976710655.000000	28.972475	6440	0.000000
281474976710655.000000	29.633072	6441	0.000000
281474976710655.000000	29.415262	6442	0.000000
281474976710655.000000	31.356878	6443	0.000000
281474976710655.000000	26.288391	6444	0.000000
281474976710655.000000	30.796022	6445	0.000000
281474976710655.000000	28.257290	6446	0.000000
281474976710655.000000	27.375963	6447	0.000000
281474976710655.000000	26.157162	6448	0.000000
281474976710655.000000	31.526855	6449	0.000000
281474976710655.000000	28.669788	6450	0.000000
281474976710655.000000	26.108723	6451	0.000000
281474976710655.000000	27.905760	6452	0.000000
281474976710655.000000	26.474354	6453	0.000000
281474976710655.000000	27.713993	6454	0.000000
281474976710655.000000	26.384823	6455	0.000000
281474976710655.000000	26.382069	6456	0.000000
281474976710655.000000	27.580261	6457	0.000000
281474976710655.000000	25.548798	6458	0.000000
281474976710655.000000	25.651901	6459	0.000000
281474976710655.000000	28.786421	6460	0.000000
281474976710655.000000	27.085016	6461	0.000000
281474976710655.000000	27.125570	6462	0.000000
281474976710655.000000	25.786346	6463	0.000000
281474976710655.000000	26.612801	6464	0.000000
281474976710655.000000	28.945450	6465	0.000000
281474976710655.000000	26.663467	6466	0.000000
281474976710655.000000	25.676956	6467	0.000000
281474976710655.000000	27.834679	6468	0.000000
281474976710655.000000	26.421658	6469	0.000000
281474976710655.000000	27.110968	6470	0.000000
281474976710655.000000	28.146742	6471	0.000000
281474976710655.000000	25.137764	6472	0.000000
281474976710655.000000	26.839699	6473	0.000000
281474976710655.000000	27.124762	6474	0.000000
281474976710655.000000	25.502695	6475	0.000000
281474976710655.000000	25.105188	6476	0.000000
281474976710655.000000	27.531807	6477	0.000000
281474976710655.000000	26.486519	6478	0.000000
281474976710655.000000	27.275534	6479	0.000000
281474976710655.000000	25.861155	6480	0.000000
281474976710655.000000	26.662970	6481	0.000000
281474976710655.000000	26.715971	6482	0.000000
281474976710655.000000	26.029032	6483	0.000000
281474976710655.000000	27.102516	6484	0.000000
281474976710655.000000	27.993563	6485	0.000000
281474976710655.000000	29.230150	6486	0.000000
281474976710655.000000	24.820002	6487	0.000000
281474976710655.000000	27.342772	6488	0.000000
281474976710655.000000	24.744434	6489	0.000000
281474976710655.000000	26.604664	6490	0.000000
281474976710655.000000	25.826996	6491	0.000000
281474976710655.000000	27.690489	6492	0.000000
281474976710655.000000	25.640635	6493	0.000000
281474976710655.000000	26.418945	6494	0.000000
281474976710655.000000	24.249094	6495	0.000000
281474976710655.000000	26.156511	6496	0.000000
281474976710655.000000	25.867304	6497	0.000000
281474976710655.000000	25.951950	6498	0.000000
281474976710655.000000	26.751833	6499	0.000000
281474976710655.000000	28.397274	6500	0.000000
281474976710655.000000	25.851990	6501	0.000000
281474976710655.000000	27.441916	6502	0.000000
281474976710655.000000	25.881344	6503	0.000000
281474976710655.000000	25.965693	6504	0.000000
281474976710655.000000	25.631596	6505	0.000000
281474976710655.000000	24.207823	6506	0.000000
281474976710655.000000	24.999958	6507	0.000000
281474976710655.000000	25.514462	6508	0.000000
281474976710655.000000	24.990015	6509	0.000000
281474976710655.000000	27.206617	6510	0.000000
281474976710655.000000	28.104158	6511	0.000000
281474976710655.000000	27.054296	6512	0.000000
281474976710655.000000	25.895226	6513	0.000000
281474976710655.000000	24.331388	6514	0.000000
281474976710655.000000	24.828999	6515	0.000000
281474976710655.000000	26.391552	6516	0.000000
281474976710655.000000	25.707603	6517	0.000000
281474976710655.000000	25.520355	6518	0.000000
281474976710655.000000	24.762608	6519	0.000000
281474976710655.000000	25.827106	6520	0.000000
281474976710655.000000	27.244141	6521	0.000000
281474976710655.000000	26.573612	6522	0.000000
281474976710655.000000	23.809380	6523	0.000000
281474976710655.000000	25.540010	6524	0.000000
281474976710655.000000	24.661421	6525	0.000000
281474976710655.000000	26.471418	6526	0.000000
281474976710655.000000	25.766361	6527	0.000000
281474976710655.000000	23.258110	6528	0.000000
281474976710655.000000	26.507515	6529	0.000000
281474976710655.000000	24.406391	6530	0.000000
281474976710655.000000	23.944021	6531	0.000000
281474976710655.000000	24.172045	6532	0.000000
281474976710655.000000	26.292900	6533	0.000000
281474976710655.000000	24.134272	6534	0.000000
281474976710655.000000	24.373690	6535	0.000000
281474976710655.000000	23.971123	6536	0.000000
281474976710655.000000	24.145580	6537	0.000000
281474976710655.000000	23.306406	6538	0.000000
281474976710655.000000	24.079741	6539	0.000000
281474976710655.000000	24.994892	6540	0.000000
281474976710655.000000	25.314255	6541	0.000000
281474976710655.000000	24.508818	6542	0.000000
281474976710655.000000	23.884527	6543	0.000000
281474976710655.000000	23.856850	6544	0.000000
281474976710655.000000	25.639839	6545	0.000000
281474976710655.000000	23.991114	6546	0.000000
281474976710655.000000	23.461485	6547	0.000000
281474976710655.000000	24.771538	6548	0.000000
281474976710655.000000	25.522987	6549	0.000000
281474976710655.000000	22.715939	6550	0.000000
281474976710655.000000	23.990046	6551	0.000000
281474976710655.000000	22.599890	6552	0.000000
281474976710655.000000	23.575407	6553	0.000000
281474976710655.000000	25.213606	6554	0.000000
281474976710655.000000	24.656906	6555	0.000000
281474976710655.000000	24.594751	6556	0.000000
281474976710655.000000	23.967524	6557	0.000000
281474976710655.000000	24.379854	6558	0.000000
281474976710655.000000	23.330498	6559	0.000000
281474976710655.000000	24.870008	6560	0.000000
281474976710655.000000	24.067024	6561	0.000000
281474976710655.000000	24.685980	6562	0.000000
281474976710655.000000	24.568995	6563	0.000000
281474976710655.000000	23.415472	6564	0.000000
281474976710655.000000	23.248201	6565	0.000000
281474976710655.000000	23.424643	6566	0.000000
281474976710655.000000	23.324902	6567	0.000000
281474976710655.000000	23.274801	6568	0.000000
281474976710655.000000	25.746019	6569	0.000000
281474976710655.000000	23.174591	6570	0.000000
281474976710655.000000	23.647760	6571	0.000000
281474976710655.000000	24.567682	6572	0.000000
281474976710655.000000	24.529284	6573	0.000000
281474976710655.000000	23.297791	6574	0.000000
281474976710655.000000	25.585112	6575	0.000000
281474976710655.000000	23.512646	6576	0.000000
281474976710655.000000	24.775314	6577	0.000000
281474976710655.000000	24.469406	6578	0.000000
281474976710655.000000	22.780045	6579	0.000000
281474976710655.000000	23.920391	6580	0.000000
281474976710655.000000	21.675346	6581	0.000000
281474976710655.000000	22.874231	6582	0.000000
281474976710655.000000	22.074923	6583	0.000000
281474976710655.000000	23.831724	6584	0.000000
281474976710655.000000	25.290104	6585	0.000000
281474976710655.000000	24.306837	6586	0.000000
281474976710655.000000	21.716211	6587	0.000000
281474976710655.000000	22.781603	6588	0.000000
281474976710655.000000	24.465391	6589	0.000000
281474976710655.000000	21.596466	6590	0.000000
281474976710655.000000	23.494249	6591	0.000000
281474976710655.000000	22.474989	6592	0.000000
281474976710655.000000	22.235405	6593	0.000000
281474976710655.000000	24.299805	6594	0.000000
281474976710655.000000	22.161875	6595	0.000000
281474976710655.000000	23.064201	6596	0.000000
281474976710655.000000	23.302483	6597	0.000000
281474976710655.000000	23.657522	6598	0.000000
281474976710655.000000	22.047096	6599	0.000000
281474976710655.000000	22.842773	6600	0.000000
281474976710655.000000	22.949724	6601	0.000000
281474976710655.000000	24.246683	6602	0.000000
281474976710655.000000	22.396534	6603	0.000000
281474976710655.000000	23.506990	6604	0.000000
281474976710655.000000	21.997299	6605	0.000000
281474976710655.000000	21.282228	6606	0.000000
281474976710655.000000	22.345442	6607	0.000000
281474976710655.000000	24.886076	6608	0.000000
281474976710655.000000	21.308531	6609	0.000000
281474976710655.000000	21.886759	6610	0.000000
281474976710655.000000	24.222652	6611	0.000000
281474976710655.000000	23.583374	6612	0.000000
281474976710655.000000	21.298796	6613	0.000000
281474976710655.000000	22.799286	6614	0.000000
281474976710655.000000	22.655664	6615	0.000000
281474976710655.000000	22.300705	6616	0.000000
281474976710655.000000	22.020866	6617	0.000000
281474976710655.000000	22.986734	6618	0.000000
281474976710655.000000	22.135740	6619	0.000000
281474976710655.000000	22.155144	6620	0.000000
281474976710655.000000	21.285610	6621	0.000000
281474976710655.000000	23.915340	6622	0.000000
281474976710655.000000	21.415224	6623	0.000000
281474976710655.000000	21.751629	6624	0.000000
281474976710655.000000	22.420479	6625	0.000000
281474976710655.000000	21.639992	6626	0.000000
281474976710655.000000	21.665571	6627	0.000000
281474976710655.000000	21.138033	6628	0.000000
281474976710655.000000	21.246876	6629	0.000000
281474976710655.000000	21.554670	6630	0.000000
281474976710655.000000	23.890400	6631	0.000000
281474976710655.000000	21.268499	6632	0.000000
281474976710655.000000	21.467247	6633	0.000000
281474976710655.000000	21.664478	6634	0.000000
281474976710655.000000	21.417765	6635	0.000000
281474976710655.000000	21.532099	6636	0.000000
281474976710655.000000	21.141859	6637	0.000000
281474976710655.000000	20.597425	6638	0.000000
281474976710655.000000	21.361820	6639	0.000000
281474976710655.000000	21.650038	6640	0.000000
281474976710655.000000	22.240135	6641	0.000000
281474976710655.000000	21.456249	6642	0.000000
281474976710655.000000	20.789648	6643	0.000000
281474976710655.000000	20.960690	6644	0.000000
281474976710655.000000	20.046047	6645	0.000000
281474976710655.000000	21.883347	6646	0.000000
281474976710655.000000	21.801758	6647	0.000000
281474976710655.000000	21.630154	6648	0.000000
281474976710655.000000	20.623983	6649	0.000000
281474976710655.000000	22.370317	6650	0.000000
281474976710655.000000	22.326395	6651	0.000000
281474976710655.000000	21.175037	6652	0.000000
281474976710655.000000	21.095501	6653	0.000000
281474976710655.000000	20.653954	6654	0.000000
281474976710655.000000	20.633276	6655	0.000000
281474976710655.000000	21.354822	6656	0.000000
281474976710655.000000	20.201578	6657	0.000000
281474976710655.000000	20.798868	6658	0.000000
281474976710655.000000	20.281727	6659	0.000000
281474976710655.000000	21.819084	6660	0.000000
281474976710655.000000	20.453871	6661	0.000000
281474976710655.000000	21.142084	6662	0.000000
281474976710655.000000	20.538801	6663	0.000000
281474976710655.000000	20.558060	6664	0.000000
281474976710655.000000	20.386587	6665	0.000000
281474976710655.000000	20.605463	6666	0.000000
281474976710655.000000	20.531557	6667	0.000000
281474976710655.000000	20.092182	6668	0.000000
281474976710655.000000	20.571686	6669	0.000000
281474976710655.000000	19.976608	6670	0.000000
281474976710655.000000	19.337645	6671	0.000000
281474976710655.000000	21.166567	6672	0.000000
281474976710655.000000	19.864460	6673	0.000000
281474976710655.000000	20.989553	6674	0.000000
281474976710655.000000	19.243814	6675	0.000000
281474976710655.000000	20.747910	6676	0.000000
281474976710655.000000	20.624960	6677	0.000000
281474976710655.000000	20.814274	6678	0.000000
281474976710655.000000	19.361637	6679	0.000000
281474976710655.000000	21.256706	6680	0.000000
281474976710655.000000	20.958014	6681	0.000000
281474976710655.000000	20.735371	6682	0.000000
281474976710655.000000	19.502579	6683	0.000000
281474976710655.000000	21.201843	6684	0.000000
281474976710655.000000	20.240316	6685	0.000000
281474976710655.000000	19.123556	6686	0.000000
281474976710655.000000	19.287930	6687	0.000000
281474976710655.000000	20.141693	6688	0.000000
281474976710655.000000	20.110987	6689	0.000000
281474976710655.000000	20.349432	6690	0.000000
281474976710655.000000	20.311539	6691	0.000000
281474976710655.000000	19.650967	6692	0.000000
281474976710655.000000	20.806711	6693	0.000000
281474976710655.000000	19.937988	6694	0.000000
281474976710655.000000	19.427122	6695	0.000000
281474976710655.000000	19.815491	6696	0.000000
281474976710655.000000	20.052917	6697	0.000000
281474976710655.000000	20.227306	6698	0.000000
281474976710655.000000	18.858126	6699	0.000000
281474976710655.000000	19.975643	6700	0.000000
281474976710655.000000	18.660475	6701	0.000000
281474976710655.000000	19.017174	6702	0.000000
281474976710655.000000	18.997259	6703	0.000000
281474976710655.000000	19.755589	6704	0.000000
281474976710655.000000	19.472296	6705	0.000000
281474976710655.000000	19.281002	6706	0.000000
281474976710655.000000	19.421253	6707	0.000000
281474976710655.000000	19.214560	6708	0.000000
281474976710655.000000	19.122515	6709	0.000000
281474976710655.000000	19.055941	6710	0.000000
281474976710655.000000	19.796141	6711	0.000000
281474976710655.000000	18.980364	6712	0.000000
281474976710655.000000	19.282330	6713	0.000000
281474976710655.000000	19.524611	6714	0.000000
281474976710655.000000	19.751495	6715	0.000000
281474976710655.000000	19.043812	6716	0.000000
281474976710655.000000	18.459316	6717	0.000000
281474976710655.000000	19.365574	6718	0.000000
281474976710655.000000	18.954052	6719	0.000000
281474976710655.000000	19.704493	6720	0.000000
281474976710655.000000	19.762045	6721	0.000000
281474976710655.000000	19.342306	6722	0.000000
281474976710655.000000	18.193153	6723	0.000000
281474976710655.000000	20.308588	6724	0.000000
281474976710655.000000	18.652901	6725	0.000000
281474976710655.000000	18.678101	6726	0.000000
281474976710655.000000	18.431137	6727	0.000000
281474976710655.000000	19.018965	6728	0.000000
281474976710655.000000	19.259018	6729	0.000000
281474976710655.000000	18.732819	6730	0.000000
281474976710655.000000	18.729498	6731	0.000000
281474976710655.000000	19.414553	6732	0.000000
281474976710655.000000	18.412712	6733	0.000000
281474976710655.000000	19.206196	6734	0.000000
281474976710655.000000	18.843794	6735	0.000000
281474976710655.000000	19.154104	6736	0.000000
281474976710655.000000	18.660286	6737	0.000000
281474976710655.000000	18.844086	6738	0.000000
281474976710655.000000	17.907167	6739	0.000000
281474976710655.000000	18.867077	6740	0.000000
281474976710655.000000	19.596804	6741	0.000000
281474976710655.000000	19.147308	6742	0.000000
281474976710655.000000	18.699684	6743	0.000000
281474976710655.000000	19.273737	6744	0.000000
281474976710655.000000	18.751404	6745	0.000000
281474976710655.000000	17.979071	6746	0.000000
281474976710655.000000	18.429384	6747	0.000000
281474976710655.000000	18.452742	6748	0.000000
281474976710655.000000	18.576559	6749	0.000000
281474976710655.000000	18.789225	6750	0.000000
281474976710655.000000	18.860706	6751	0.000000
281474976710655.000000	18.630096	6752	0.000000
281474976710655.000000	18.188114	6753	0.000000
281474976710655.000000	18.140711	6754	0.000000
281474976710655.000000	17.595633	6755	0.000000
281474976710655.000000	18.664946	6756	0.000000
281474976710655.000000	18.680885	6757	0.000000
281474976710655.000000	19.146469	6758	0.000000
281474976710655.000000	18.014421	6759	0.000000
281474976710655.000000	18.609489	6760	0.000000
281474976710655.000000	18.461931	6761	0.000000
281474976710655.000000	18.789658	6762	0.000000
281474976710655.000000	18.034983	6763	0.000000
281474976710655.000000	18.740957	6764	0.000000
281474976710655.000000	18.236082	6765	0.000000
281474976710655.000000	18.501541	6766	0.000000
281474976710655.000000	17.402376	6767	0.000000
281474976710655.000000	18.298782	6768	0.000000
281474976710655.000000	18.351952	6769	0.000000
281474976710655.000000	18.258371	6770	0.000000
281474976710655.000000	17.813992	6771	0.000000
281474976710655.000000	18.381838	6772	0.000000
281474976710655.000000	17.356441	6773	0.000000
281474976710655.000000	17.868698	6774	0.000000
281474976710655.000000	17.562290	6775	0.000000
281474976710655.000000	17.520472	6776	0.000000
281474976710655.000000	17.290710	6777	0.000000
281474976710655.000000	18.214495	6778	0.000000
281474976710655.000000	17.107220	6779	0.000000
281474976710655.000000	17.616411	6780	0.000000
281474976710655.000000	17.281025	6781	0.000000
281474976710655.000000	17.980583	6782	0.000000
281474976710655.000000	17.725452	6783	0.000000
281474976710655.000000	17.766020	6784	0.000000
281474976710655.000000	17.749939	6785	0.000000
281474976710655.000000	18.030354	6786	0.000000
281474976710655.000000	17.458881	6787	0.000000
281474976710655.000000	17.388685	6788	0.000000
281474976710655.000000	17.557806	6789	0.000000
281474976710655.000000	17.275343	6790	0.000000
281474976710655.000000	17.256405	6791	0.000000
281474976710655.000000	17.717495	6792	0.000000
281474976710655.000000	17.388107	6793	0.000000
281474976710655.000000	17.256971	6794	0.000000
281474976710655.000000	17.498867	6795	0.000000
281474976710655.000000	17.089697	6796	0.000000
281474976710655.000000	17.283857	6797	0.000000
281474976710655.000000	17.098408	6798	0.000000
281474976710655.000000	16.930660	6799	0.000000
281474976710655.000000	17.897861	6800	0.000000
281474976710655.000000	17.560453	6801	0.000000
281474976710655.000000	17.844709	6802	0.000000
281474976710655.000000	17.274139	6803	0.000000
281474976710655.000000	17.482973	6804	0.000000
281474976710655.000000	16.834705	6805	0.000000
281474976710655.000000	17.531292	6806	0.000000
281474976710655.000000	17.350315	6807	0.000000
281474976710655.000000	17.058121	6808	0.000000
281474976710655.000000	17.497644	6809	0.000000
281474976710655.000000	17.269157	6810	0.000000
281474976710655.000000	17.373144	6811	0.000000
281474976710655.000000	16.896851	6812	0.000000
281474976710655.000000	17.689064	6813	0.000000
281474976710655.000000	16.888840	6814	0.000000
281474976710655.000000	17.101912	6815	0.000000
281474976710655.000000	17.337294	6816	0.000000
281474976710655.000000	16.705767	6817	0.000000
281474976710655.000000	16.929905	6818	0.000000
281474976710655.000000	16.910444	6819	0.000000
281474976710655.000000	17.309227	6820	0.000000
281474976710655.000000	16.694895	6821	0.000000
281474976710655.000000	17.238033	6822	0.000000
281474976710655.000000	16.438784	6823	0.000000
281474976710655.000000	17.008955	6824	0.000000
281474976710655.000000	16.726927	6825	0.000000
281474976710655.000000	17.236500	6826	0.000000
281474976710655.000000	16.271502	6827	0.000000
281474976710655.000000	17.523006	6828	0.000000
281474976710655.000000	16.769865	6829	0.000000
281474976710655.000000	17.184301	6830	0.000000
281474976710655.000000	16.480001	6831	0.000000
281474976710655.000000	16.752831	6832	0.000000
281474976710655.000000	17.327938	6833	0.000000
281474976710655.000000	16.991535	6834	0.000000
281474976710655.000000	15.943128	6835	0.000000
281474976710655.000000	16.903841	6836	0.000000
281474976710655.000000	16.626606	6837	0.000000
281474976710655.000000	17.202635	6838	0.000000
281474976710655.000000	16.008732	6839	0.000000
281474976710655.000000	17.205147	6840	0.000000
281474976710655.000000	15.890847	6841	0.000000
281474976710655.000000	16.627420	6842	0.000000
281474976710655.000000	16.219637	6843	0.000000
281474976710655.000000	16.578642	6844	0.000000
281474976710655.000000	15.826509	6845	0.000000
281474976710655.000000	16.616796	6846	0.000000
281474976710655.000000	15.735103	6847	0.000000
281474976710655.000000	16.855890	6848	0.000000
281474976710655.000000	15.735177	6849	0.000000
281474976710655.000000	16.327576	6850	0.000000
281474976710655.000000	16.404427	6851	0.000000
281474976710655.000000	16.187115	6852	0.000000
281474976710655.000000	16.093004	6853	0.000000
281474976710655.000000	16.183977	6854	0.000000
281474976710655.000000	16.122601	6855	0.000000
281474976710655.000000	16.176468	6856	0.000000
281474976710655.000000	15.898142	6857	0.000000
281474976710655.000000	16.393545	6858	0.000000
281474976710655.000000	15.897809	6859	0.000000
281474976710655.000000	16.411896	6860	0.000000
281474976710655.000000	15.595930	6861	0.000000
281474976710655.000000	16.765200	6862	0.000000
281474976710655.000000	16.014803	6863	0.000000
281474976710655.000000	16.232973	6864	0.000000
281474976710655.000000	15.596636	6865	0.000000
281474976710655.000000	16.490307	6866	0.000000
281474976710655.000000	15.837443	6867	0.000000
281474976710655.000000	15.875280	6868	0.000000
281474976710655.000000	15.875229	6869	0.000000
281474976710655.000000	15.994404	6870	0.000000
281474976710655.000000	15.668933	6871	0.000000
281474976710655.000000	16.244518	6872	0.000000
281474976710655.000000	15.396103	6873	0.000000
281474976710655.000000	15.954253	6874	0.000000
281474976710655.000000	15.465301	6875	0.000000
281474976710655.000000	15.673092	6876	0.000000
281474976710655.000000	15.351101	6877	0.000000
281474976710655.000000	16.020855	6878	0.000000
281474976710655.000000	15.797509	6879	0.000000
281474976710655.000000	16.221861	6880	0.000000
281474976710655.000000	15.249628	6881	0.000000
281474976710655.000000	16.113718	6882	0.000000
281474976710655.000000	15.092927	6883	0.000000
281474976710655.000000	16.013424	6884	0.000000
281474976710655.000000	15.538626	6885	0.000000
281474976710655.000000	15.668698	6886	0.000000
281474976710655.000000	15.430803	6887	0.000000
281474976710655.000000	15.746890	6888	0.000000
281474976710655.000000	15.409589	6889	0.000000
281474976710655.000000	15.527150	6890	0.000000
281474976710655.000000	15.111193	6891	0.000000
281474976710655.000000	15.892597	6892	0.000000
281474976710655.000000	15.019067	6893	0.000000
281474976710655.000000	15.724467	6894	0.000000
281474976710655.000000	15.348331	6895	0.000000
281474976710655.000000	15.186899	6896	0.000000
281474976710655.000000	15.440735	6897	0.000000
281474976710655.000000	15.727606	6898	0.000000
281474976710655.000000	15.045205	6899	0.000000
281474976710655.000000	15.301588	6900	0.000000
281474976710655.000000	15.427912	6901	0.000000
281474976710655.000000	15.255740	6902	0.000000
281474976710655.000000	15.339216	6903	0.000000
281474976710655.000000	16.275997	6904	0.000000
281474976710655.000000	14.896597	6905	0.000000
281474976710655.000000	15.383693	6906	0.000000
281474976710655.000000	15.687011	6907	0.000000
281474976710655.000000	15.264665	6908	0.000000
281474976710655.000000	15.337507	6909	0.000000
281474976710655.000000	15.076660	6910	0.000000
281474976710655.000000	15.527705	6911	0.000000
281474976710655.000000	15.339522	6912	0.000000
281474976710655.000000	15.227896	6913	0.000000
281474976710655.000000	14.926967	6914	0.000000
281474976710655.000000	14.869325	6915	0.000000
281474976710655.000000	15.055349	6916	0.000000
281474976710655.000000	15.283517	6917	0.000000
281474976710655.000000	15.313604	6918	0.000000
281474976710655.000000	14.920473	6919	0.000000
281474976710655.000000	15.749968	6920	0.000000
281474976710655.000000	15.183014	6921	0.000000
281474976710655.000000	15.370165	6922	0.000000
281474976710655.000000	15.333665	6923	0.000000
281474976710655.000000	15.508391	6924	0.000000
281474976710655.000000	14.656689	6925	0.000000
281474976710655.000000	14.832848	6926	0.000000
281474976710655.000000	14.781544	6927	0.000000
281474976710655.000000	15.257221	6928	0.000000
281474976710655.000000	14.470314	6929	0.000000
281474976710655.000000	15.282302	6930	0.000000
281474976710655.000000	14.406219	6931	0.000000
281474976710655.000000	14.968598	6932	0.000000
281474976710655.000000	15.062664	6933	0.000000
281474976710655.000000	15.118879	6934	0.000000
281474976710655.000000	14.724720	6935	0.000000
281474976710655.000000	15.005713	6936	0.000000
281474976710655.000000	14.710026	6937	0.000000
281474976710655.000000	15.230886	6938	0.000000
281474976710655.000000	14.095993	6939	0.000000
281474976710655.000000	14.672957	6940	0.000000
281474976710655.000000	14.073697	6941	0.000000
281474976710655.000000	14.529541	6942	0.000000
281474976710655.000000	14.303062	6943	0.000000
281474976710655.000000	15.249483	6944	0.000000
281474976710655.000000	14.470386	6945	0.000000
281474976710655.000000	14.748915	6946	0.000000
281474976710655.000000	14.137413	6947	0.000000
281474976710655.000000	14.665363	6948	0.000000
281474976710655.000000	14.665877	6949	0.000000
281474976710655.000000	15.372333	6950	0.000000
281474976710655.000000	14.188175	6951	0.000000
281474976710655.000000	14.689579	6952	0.000000
281474976710655.000000	14.394410	6953	0.000000
281474976710655.000000	14.590033	6954	0.000000
281474976710655.000000	14.722961	6955	0.000000
281474976710655.000000	14.572510	6956	0.000000
281474976710655.000000	14.480233	6957	0.000000
281474976710655.000000	14.879213	6958	0.000000
281474976710655.000000	14.053599	6959	0.000000
281474976710655.000000	14.735447	6960	0.000000
281474976710655.000000	14.610215	6961	0.000000
281474976710655.000000	14.399164	6962	0.000000
281474976710655.000000	14.469603	6963	0.000000
281474976710655.000000	14.546426	6964	0.000000
281474976710655.000000	14.028100	6965	0.000000
281474976710655.000000	14.618707	6966	0.000000
281474976710655.000000	14.504563	6967	0.000000
281474976710655.000000	14.799374	6968	0.000000
281474976710655.000000	14.193825	6969	0.000000
281474976710655.000000	14.511165	6970	0.000000
281474976710655.000000	14.281131	6971	0.000000
281474976710655.000000	14.165493	6972	0.000000
281474976710655.000000	13.590299	6973	0.000000
281474976710655.000000	14.250402	6974	0.000000
281474976710655.000000	13.742457	6975	0.000000
281474976710655.000000	13.950661	6976	0.000000
281474976710655.000000	13.881066	6977	0.000000
281474976710655.000000	14.121467	6978	0.000000
281474976710655.000000	14.041710	6979	0.000000
281474976710655.000000	14.676702	6980	0.000000
281474976710655.000000	13.505973	6981	0.000000
281474976710655.000000	14.393882	6982	0.000000
281474976710655.000000	13.282145	6983	0.000000
281474976710655.000000	14.236749	6984	0.000000
281474976710655.000000	13.341393	6985	0.000000
281474976710655.000000	14.277768	6986	0.000000
281474976710655.000000	13.656004	6987	0.000000
281474976710655.000000	14.510456	6988	0.000000
281474976710655.000000	13.516289	6989	0.000000
281474976710655.000000	14.413985	6990	0.000000
281474976710655.000000	13.817137	6991	0.000000
281474976710655.000000	13.931948	6992	0.000000
281474976710655.000000	13.319181	6993	0.000000
281474976710655.000000	14.041817	6994	0.000000
281474976710655.000000	13.221020	6995	0.000000
281474976710655.000000	14.386170	6996	0.000000
281474976710655.000000	13.334407	6997	0.000000
281474976710655.000000	14.428639	6998	0.000000
281474976710655.000000	13.216787	6999	0.000000
281474976710655.000000	14.051943	7000	0.000000
281474976710655.000000	13.252775	7001	0.000000
281474976710655.000000	13.759576	7002	0.000000
281474976710655.000000	12.829028	7003	0.000000
281474976710655.000000	13.937105	7004	0.000000
281474976710655.000000	13.162655	7005	0.000000
281474976710655.000000	13.686556	7006	0.000000
281474976710655.000000	13.202621	7007	0.000000
281474976710655.000000	13.875404	7008	0.000000
281474976710655.000000	13.312243	7009	0.000000
281474976710655.000000	13.398641	7010	0.000000
281474976710655.000000	13.268585	7011	0.000000
281474976710655.000000	13.934492	7012	0.000000
281474976710655.000000	13.123542	7013	0.000000
281474976710655.000000	13.317303	7014	0.000000
281474976710655.000000	13.144201	7015	0.000000
281474976710655.000000	13.706678	7016	0.000000
281474976710655.000000	13.163836	7017	0.000000
281474976710655.000000	13.356806	7018	0.000000
281474976710655.000000	13.044701	7019	0.000000
281474976710655.000000	13.659057	7020	0.000000
281474976710655.000000	13.633867	7021	0.000000
281474976710655.000000	13.229992	7022	0.000000
281474976710655.000000	12.918610	7023	0.000000
281474976710655.000000	13.361485	7024	0.000000
281474976710655.000000	13.143911	7025	0.000000
281474976710655.000000	13.437431	7026	0.000000
281474976710655.000000	12.982430	7027	0.000000
281474976710655.000000	13.345057	7028	0.000000
281474976710655.000000	13.076528	7029	0.000000
281474976710655.000000	13.342829	7030	0.000000
281474976710655.000000	12.859135	7031	0.000000
281474976710655.000000	13.576166	7032	0.000000
281474976710655.000000	13.074627	7033	0.000000
281474976710655.000000	13.358974	7034	0.000000
281474976710655.000000	12.841858	7035	0.000000
281474976710655.000000	12.866328	7036	0.000000
281474976710655.000000	12.872169	7037	0.000000
281474976710655.000000	13.085671	7038	0.000000
281474976710655.000000	12.928222	7039	0.000000
281474976710655.000000	13.572126	7040	0.000000
281474976710655.000000	13.198644	7041	0.000000
281474976710655.000000	13.167619	7042	0.000000
281474976710655.000000	12.759649	7043	0.000000
281474976710655.000000	13.330893	7044	0.000000
281474976710655.000000	12.771313	7045	0.000000
281474976710655.000000	13.202432	7046	0.000000
281474976710655.000000	12.652606	7047	0.000000
281474976710655.000000	12.643541	7048	0.000000
281474976710655.000000	12.585381	7049	0.000000
281474976710655.000000	12.667659	7050	0.000000
281474976710655.000000	12.974501	7051	0.000000
281474976710655.000000	13.078640	7052	0.000000
281474976710655.000000	13.188262	7053	0.000000
281474976710655.000000	12.911537	7054	0.000000
281474976710655.000000	12.680023	7055	0.000000
281474976710655.000000	12.789051	7056	0.000000
281474976710655.000000	12.556082	7057	0.000000
281474976710655.000000	12.875114	7058	0.000000
281474976710655.000000	12.627205	7059	0.000000
281474976710655.000000	12.857106	7060	0.000000
281474976710655.000000	12.775834	7061	0.000000
281474976710655.000000	12.833052	7062	0.000000
281474976710655.000000	12.636254	7063	0.000000
281474976710655.000000	12.767262	7064	0.000000
281474976710655.000000	12.666402	7065	0.000000
281474976710655.000000	12.886037	7066	0.000000
281474976710655.000000	12.449636	7067	0.000000
281474976710655.000000	12.521822	7068	0.000000
281474976710655.000000	12.557527	7069	0.000000
281474976710655.000000	12.829132	7070	0.000000
281474976710655.000000	12.441818	7071	0.000000
281474976710655.000000	12.500796	7072	0.000000
281474976710655.000000	12.434184	7073	0.000000
281474976710655.000000	12.524051	7074	0.000000
281474976710655.000000	12.573320	7075	0.000000
281474976710655.000000	12.345110	7076	0.000000
281474976710655.000000	12.435422	7077	0.000000
281474976710655.000000	12.513212	7078	0.000000
281474976710655.000000	12.232243	7079	0.000000
281474976710655.000000	12.594925	7080	0.000000
281474976710655.000000	12.253302	7081	0.000000
281474976710655.000000	12.658060	7082	0.000000
281474976710655.000000	12.113299	7083	0.000000
281474976710655.000000	12.495132	7084	0.000000
281474976710655.000000	12.073316	7085	0.000000
281474976710655.000000	12.784349	7086	0.000000
281474976710655.000000	12.153546	7087	0.000000
281474976710655.000000	12.941565	7088	0.000000
281474976710655.000000	11.927182	7089	0.000000
281474976710655.000000	12.298827	7090	0.000000
281474976710655.000000	12.249890	7091	0.000000
281474976710655.000000	12.572255	7092	0.000000
281474976710655.000000	12.128796	7093	0.000000
281474976710655.000000	12.274678	7094	0.000000
281474976710655.000000	12.146960	7095	0.000000
281474976710655.000000	12.573259	7096	0.000000
281474976710655.000000	11.969747	7097	0.000000
281474976710655.000000	12.621279	7098	0.000000
281474976710655.000000	11.789202	7099	0.000000
281474976710655.000000	12.478941	7100	0.000000
281474976710655.000000	11.751577	7101	0.000000
281474976710655.000000	12.424369	7102	0.000000
281474976710655.000000	11.868708	7103	0.000000
281474976710655.000000	12.106374	7104	0.000000
281474976710655.000000	11.860426	7105	0.000000
281474976710655.000000	12.448538	7106	0.000000
281474976710655.000000	11.505880	7107	0.000000
281474976710655.000000	12.074137	7108	0.000000
281474976710655.000000	11.824631	7109	0.000000
281474976710655.000000	12.353531	7110	0.000000
281474976710655.000000	11.639687	7111	0.000000
281474976710655.000000	12.215069	7112	0.000000
281474976710655.000000	11.711092	7113	0.000000
281474976710655.000000	12.069752	7114	0.000000
281474976710655.000000	11.823603	7115	0.000000
281474976710655.000000	12.359408	7116	0.000000
281474976710655.000000	11.617828	7117	0.000000
281474976710655.000000	12.129504	7118	0.000000
281474976710655.000000	11.582118	7119	0.000000
281474976710655.000000	12.070228	7120	0.000000
281474976710655.000000	12.075545	7121	0.000000
281474976710655.000000	12.040127	7122	0.000000
281474976710655.000000	11.507398	7123	0.000000
281474976710655.000000	12.169945	7124	0.000000
281474976710655.000000	11.694590	7125	0.000000
281474976710655.000000	12.134571	7126	0.000000
281474976710655.000000	11.414577	7127	0.000000
281474976710655.000000	12.056677	7128	0.000000
281474976710655.000000	11.400300	7129	0.000000
281474976710655.000000	12.013710	7130	0.000000
281474976710655.000000	11.230386	7131	0.000000
281474976710655.000000	11.669552	7132	0.000000
281474976710655.000000	11.693137	7133	0.000000
281474976710655.000000	11.888854	7134	0.000000
281474976710655.000000	11.655276	7135	0.000000
281474976710655.000000	11.661567	7136	0.000000
281474976710655.000000	11.631167	7137	0.000000
281474976710655.000000	11.811145	7138	0.000000
281474976710655.000000	11.051617	7139	0.000000
281474976710655.000000	12.189907	7140	0.000000
281474976710655.000000	11.217636	7141	0.000000
281474976710655.000000	11.964824	7142	0.000000
281474976710655.000000	11.270624	7143	0.000000
281474976710655.000000	11.844618	7144	0.000000
281474976710655.000000	11.274604	7145	0.000000
281474976710655.000000	11.781194	7146	0.000000
281474976710655.000000	11.317852	7147	0.000000
281474976710655.000000	11.755651	7148	0.000000
281474976710655.000000	11.202448	7149	0.000000
281474976710655.000000	11.710473	7150	0.000000
281474976710655.000000	11.067649	7151	0.000000
281474976710655.000000	11.526653	7152	0.000000
281474976710655.000000	11.175159	7153	0.000000
281474976710655.000000	11.861661	7154	0.000000
281474976710655.000000	11.093622	7155	0.000000
281474976710655.000000	11.767242	7156	0.000000
281474976710655.000000	11.129841	7157	0.000000
281474976710655.000000	11.524960	7158	0.000000
281474976710655.000000	11.277951	7159	0.000000
281474976710655.000000	11.371560	7160	0.000000
281474976710655.000000	10.909284	7161	0.000000
281474976710655.000000	11.379860	7162	0.000000
281474976710655.000000	11.073418	7163	0.000000
281474976710655.000000	11.373097	7164	0.000000
281474976710655.000000	11.099607	7165	0.000000
281474976710655.000000	11.280744	7166	0.000000
281474976710655.000000	10.926250	7167	0.000000
281474976710655.000000	11.329151	7168	0.000000
281474976710655.000000	11.019511	7169	0.000000
281474976710655.000000	11.560581	7170	0.000000
281474976710655.000000	10.864866	7171	0.000000
281474976710655.000000	11.223273	7172	0.000000
281474976710655.000000	11.079822	7173	0.000000
281474976710655.000000	11.450370	7174	0.000000
281474976710655.000000	10.994565	7175	0.000000
281474976710655.000000	11.138827	7176	0.000000
281474976710655.000000	10.862748	7177	0.000000
281474976710655.000000	11.209267	7178	0.000000
281474976710655.000000	10.931236	7179	0.000000
281474976710655.000000	11.140998	7180	0.000000
281474976710655.000000	10.886720	7181	0.000000
281474976710655.000000	11.156639	7182	0.000000
281474976710655.000000	10.891712	7183	0.000000
281474976710655.000000	11.110029	7184	0.000000
281474976710655.000000	10.865112	7185	0.000000
281474976710655.000000	11.096108	7186	0.000000
281474976710655.000000	11.065638	7187	0.000000
281474976710655.000000	11.017942	7188	0.000000
281474976710655.000000	10.906119	7189	0.000000
281474976710655.000000	11.028346	7190	0.000000
281474976710655.000000	10.866831	7191	0.000000
281474976710655.000000	11.123883	7192	0.000000
281474976710655.000000	10.631658	7193	0.000000
281474976710655.000000	11.043278	7194	0.000000
281474976710655.000000	10.865771	7195	0.000000
281474976710655.000000	10.893191	7196	0.000000
281474976710655.000000	10.882533	7197	0.000000
281474976710655.000000	11.241982	7198	0.000000
281474976710655.000000	10.639764	7199	0.000000
281474976710655.000000	11.151589	7200	0.000000
281474976710655.000000	10.573261	7201	0.000000
281474976710655.000000	10.866482	7202	0.000000
281474976710655.000000	10.574567	7203	0.000000
281474976710655.000000	11.111353	7204	0.000000
281474976710655.000000	10.660172	7205	0.000000
281474976710655.000000	11.055877	7206	0.000000
281474976710655.000000	10.524941	7207	0.000000
281474976710655.000000	10.941522	7208	0.000000
281474976710655.000000	10.270842	7209	0.000000
281474976710655.000000	10.772082	7210	0.000000
281474976710655.000000	10.718377	7211	0.000000
281474976710655.000000	10.902458	7212	0.000000
281474976710655.000000	10.532907	7213	0.000000
281474976710655.000000	11.004104	7214	0.000000
281474976710655.000000	10.546156	7215	0.000000
281474976710655.000000	10.766587	7216	0.000000
281474976710655.000000	10.474648	7217	0.000000
281474976710655.000000	10.773794	7218	0.000000
281474976710655.000000	10.426984	7219	0.000000
281474976710655.000000	10.912484	7220	0.000000
281474976710655.000000	10.356747	7221	0.000000
281474976710655.000000	10.824312	7222	0.000000
281474976710655.000000	10.386802	7223	0.000000
281474976710655.000000	10.844939	7224	0.000000
281474976710655.000000	10.292134	7225	0.000000
281474976710655.000000	10.657639	7226	0.000000
281474976710655.000000	10.235835	7227	0.000000
281474976710655.000000	10.607667	7228	0.000000
281474976710655.000000	10.262443	7229	0.000000
281474976710655.000000	10.503441	7230	0.000000
281474976710655.000000	10.228041	7231	0.000000
281474976710655.000000	10.790493	7232	0.000000
281474976710655.000000	10.120213	7233	0.000000
281474976710655.000000	10.515797	7234	0.000000
281474976710655.000000	10.308362	7235	0.000000
281474976710655.000000	10.677031	7236	0.000000
281474976710655.000000	10.144047	7237	0.000000
281474976710655.000000	10.548465	7238	0.000000
281474976710655.000000	9.988866	7239	0.000000
281474976710655.000000	10.708510	7240	0.000000
281474976710655.000000	10.043902	7241	0.000000
281474976710655.000000	10.634300	7242	0.000000
281474976710655.000000	10.213238	7243	0.000000
281474976710655.000000	10.462951	7244	0.000000
281474976710655.000000	10.057553	7245	0.000000
281474976710655.000000	10.725796	7246	0.000000
281474976710655.000000	9.997077	7247	0.000000
281474976710655.000000	10.501825	7248	0.000000
281474976710655.000000	9.920533	7249	0.000000
281474976710655.000000	10.260543	7250	0.000000
281474976710655.000000	9.852230	7251	0.000000
281474976710655.000000	10.554946	7252	0.000000
281474976710655.000000	9.944068	7253	0.000000
281474976710655.000000	10.579057	7254	0.000000
281474976710655.000000	9.883288	7255	0.000000
281474976710655.000000	10.589637	7256	0.000000
281474976710655.000000	9.985042	7257	0.000000
281474976710655.000000	10.200085	7258	0.000000
281474976710655.000000	9.814658	7259	0.000000
281474976710655.000000	10.622845	7260	0.000000
281474976710655.000000	9.833497	7261	0.000000
281474976710655.000000	10.445787	7262	0.000000
281474976710655.000000	10.037476	7263	0.000000
281474976710655.000000	10.263956	7264	0.000000
281474976710655.000000	9.950452	7265	0.000000
281474976710655.000000	10.298527	7266	0.000000
281474976710655.000000	9.903005	7267	0.000000
281474976710655.000000	10.265162	7268	0.000000
281474976710655.000000	9.710712	7269	0.000000
281474976710655.000000	10.134996	7270	0.000000
281474976710655.000000	9.760403	7271	0.000000
281474976710655.000000	10.121913	7272	0.000000
281474976710655.000000	9.830173	7273	0.000000
281474976710655.000000	10.031343	7274	0.000000
281474976710655.000000	9.730844	7275	0.000000
281474976710655.000000	10.064606	7276	0.000000
281474976710655.000000	9.650569	7277	0.000000
281474976710655.000000	10.066844	7278	0.000000
281474976710655.000000	9.781363	7279	0.000000
281474976710655.000000	10.236822	7280	0.000000
281474976710655.000000	9.710059	7281	0.000000
281474976710655.000000	9.931646	7282	0.000000
281474976710655.000000	9.520060	7283	0.000000
281474976710655.000000	9.995707	7284	0.000000
281474976710655.000000	9.588623	7285	0.000000
281474976710655.000000	9.942507	7286	0.000000
281474976710655.000000	9.640225	7287	0.000000
281474976710655.000000	9.792563	7288	0.000000
281474976710655.000000	9.698592	7289	0.000000
281474976710655.000000	10.151603	7290	0.000000
281474976710655.000000	9.499663	7291	0.000000
281474976710655.000000	10.123271	7292	0.000000
281474976710655.000000	9.405202	7293	0.000000
281474976710655.000000	9.861189	7294	0.000000
281474976710655.000000	9.429964	7295	0.000000
281474976710655.000000	9.922124	7296	0.000000
281474976710655.000000	9.445626	7297	0.000000
