crossing time (s)	slope (V/s)	crossing number
281474976710655.000000	37.141960	2016	0.000000
281474976710655.000000	31.090967	2017	0.000000
281474976710655.000000	31.467987	2018	0.000000
281474976710655.000000	39.877342	2019	0.000000
281474976710655.000000	36.597176	2020	0.000000
281474976710655.000000	31.867807	2021	0.000000
281474976710655.000000	38.259285	2022	0.000000
281474976710655.000000	35.886311	2023	0.000000
281474976710655.000000	31.543619	2024	0.000000
281474976710655.000000	36.464455	2025	0.000000
281474976710655.000000	38.448303	2026	0.000000
281474976710655.000000	35.016342	2027	0.000000
281474976710655.000000	31.074324	2028	0.000000
281474976710655.000000	35.749584	2029	0.000000
281474976710655.000000	35.188828	2030	0.000000
281474976710655.000000	41.357502	2031	0.000000
281474976710655.000000	38.297012	2032	0.000000
281474976710655.000000	31.198977	2033	0.000000
281474976710655.000000	36.801544	2034	0.000000
281474976710655.000000	35.152901	2035	0.000000
281474976710655.000000	35.100021	2036	0.000000
281474976710655.000000	38.269875	2037	0.000000
281474976710655.000000	30.562923	2038	0.000000
281474976710655.000000	34.310303	2039	0.000000
281474976710655.000000	30.393744	2040	0.000000
281474976710655.000000	32.496521	2041	0.000000
281474976710655.000000	41.347626	2042	0.000000
281474976710655.000000	34.816208	2043	0.000000
281474976710655.000000	34.672913	2044	0.000000
281474976710655.000000	34.907120	2045	0.000000
281474976710655.000000	31.146231	2046	0.000000
281474976710655.000000	34.992363	2047	0.000000
281474976710655.000000	36.110798	2048	0.000000
281474976710655.000000	38.376259	2049	0.000000
281474976710655.000000	28.805777	2050	0.000000
281474976710655.000000	40.097908	2051	0.000000
281474976710655.000000	36.066269	2052	0.000000
281474976710655.000000	30.978792	2053	0.000000
281474976710655.000000	31.850534	2054	0.000000
281474976710655.000000	34.102177	2055	0.000000
281474976710655.000000	35.649384	2056	0.000000
281474976710655.000000	34.233002	2057	0.000000
281474976710655.000000	32.253231	2058	0.000000
281474976710655.000000	30.273670	2059	0.000000
281474976710655.000000	36.534954	2060	0.000000
281474976710655.000000	29.908966	2061	0.000000
281474976710655.000000	29.540737	2062	0.000000
281474976710655.000000	32.390064	2063	0.000000
281474976710655.000000	33.966549	2064	0.000000
281474976710655.000000	29.646532	2065	0.000000
281474976710655.000000	36.114452	2066	0.000000
281474976710655.000000	30.662048	2067	0.000000
281474976710655.000000	28.189632	2068	0.000000
281474976710655.000000	29.854277	2069	0.000000
281474976710655.000000	33.591709	2070	0.000000
281474976710655.000000	39.721737	2071	0.000000
281474976710655.000000	32.911591	2072	0.000000
281474976710655.000000	31.798506	2073	0.000000
281474976710655.000000	29.787188	2074	0.000000
281474976710655.000000	30.268408	2075	0.000000
281474976710655.000000	34.662968	2076	0.000000
281474976710655.000000	31.449543	2077	0.000000
281474976710655.000000	27.501534	2078	0.000000
281474976710655.000000	33.316814	2079	0.000000
281474976710655.000000	32.807560	2080	0.000000
281474976710655.000000	30.399395	2081	0.000000
281474976710655.000000	38.734600	2082	0.000000
281474976710655.000000	33.081139	2083	0.000000
281474976710655.000000	36.344151	2084	0.000000
281474976710655.000000	32.889366	2085	0.000000
281474976710655.000000	31.252720	2086	0.000000
281474976710655.000000	34.139816	2087	0.000000
281474976710655.000000	28.435167	2088	0.000000
281474976710655.000000	29.561272	2089	0.000000
281474976710655.000000	28.513222	2090	0.000000
281474976710655.000000	28.476992	2091	0.000000
281474976710655.000000	31.134600	2092	0.000000
281474976710655.000000	33.344398	2093	0.000000
281474976710655.000000	38.544060	2094	0.000000
281474976710655.000000	31.897997	2095	0.000000
281474976710655.000000	33.554535	2096	0.000000
281474976710655.000000	32.194424	2097	0.000000
281474976710655.000000	32.524399	2098	0.000000
281474976710655.000000	32.406277	2099	0.000000
281474976710655.000000	33.688736	2100	0.000000
281474976710655.000000	29.728724	2101	0.000000
281474976710655.000000	33.201485	2102	0.000000
281474976710655.000000	32.060669	2103	0.000000
281474976710655.000000	33.426094	2104	0.000000
281474976710655.000000	40.690266	2105	0.000000
281474976710655.000000	30.387630	2106	0.000000
281474976710655.000000	28.302847	2107	0.000000
281474976710655.000000	32.585136	2108	0.000000
281474976710655.000000	33.540440	2109	0.000000
281474976710655.000000	31.898657	2110	0.000000
281474976710655.000000	31.324480	2111	0.000000
281474976710655.000000	29.142899	2112	0.000000
281474976710655.000000	31.138731	2113	0.000000
281474976710655.000000	31.582588	2114	0.000000
281474976710655.000000	30.858141	2115	0.000000
281474976710655.000000	34.363285	2116	0.000000
281474976710655.000000	30.167898	2117	0.000000
281474976710655.000000	29.109482	2118	0.000000
281474976710655.000000	35.970615	2119	0.000000
281474976710655.000000	30.854364	2120	0.000000
281474976710655.000000	35.113976	2121	0.000000
281474976710655.000000	29.332678	2122	0.000000
281474976710655.000000	32.608494	2123	0.000000
281474976710655.000000	28.541086	2124	0.000000
281474976710655.000000	31.994341	2125	0.000000
281474976710655.000000	28.349190	2126	0.000000
281474976710655.000000	29.367949	2127	0.000000
281474976710655.000000	27.078604	2128	0.000000
281474976710655.000000	32.588211	2129	0.000000
281474976710655.000000	35.857311	2130	0.000000
281474976710655.000000	27.794415	2131	0.000000
281474976710655.000000	33.762165	2132	0.000000
281474976710655.000000	31.310957	2133	0.000000
281474976710655.000000	37.549622	2134	0.000000
281474976710655.000000	28.760323	2135	0.000000
281474976710655.000000	30.498142	2136	0.000000
281474976710655.000000	29.696772	2137	0.000000
281474976710655.000000	26.824265	2138	0.000000
281474976710655.000000	28.714497	2139	0.000000
281474976710655.000000	31.316732	2140	0.000000
281474976710655.000000	28.707100	2141	0.000000
281474976710655.000000	28.893295	2142	0.000000
281474976710655.000000	31.452888	2143	0.000000
281474976710655.000000	30.075958	2144	0.000000
281474976710655.000000	27.945826	2145	0.000000
281474976710655.000000	30.319799	2146	0.000000
281474976710655.000000	32.781796	2147	0.000000
281474976710655.000000	29.700792	2148	0.000000
281474976710655.000000	27.809559	2149	0.000000
281474976710655.000000	28.770418	2150	0.000000
281474976710655.000000	29.708256	2151	0.000000
281474976710655.000000	30.444912	2152	0.000000
281474976710655.000000	29.297150	2153	0.000000
281474976710655.000000	27.978912	2154	0.000000
281474976710655.000000	29.920235	2155	0.000000
281474976710655.000000	29.784220	2156	0.000000
281474976710655.000000	31.083429	2157	0.000000
281474976710655.000000	29.981707	2158	0.000000
281474976710655.000000	29.854614	2159	0.000000
281474976710655.000000	26.860516	2160	0.000000
281474976710655.000000	29.786585	2161	0.000000
281474976710655.000000	29.302818	2162	0.000000
281474976710655.000000	28.247717	2163	0.000000
281474976710655.000000	29.322565	2164	0.000000
281474976710655.000000	28.167732	2165	0.000000
281474976710655.000000	30.552673	2166	0.000000
281474976710655.000000	30.176105	2167	0.000000
281474976710655.000000	30.368191	2168	0.000000
281474976710655.000000	29.502565	2169	0.000000
281474976710655.000000	28.920658	2170	0.000000
281474976710655.000000	27.187922	2171	0.000000
281474976710655.000000	29.143658	2172	0.000000
281474976710655.000000	28.009008	2173	0.000000
281474976710655.000000	26.691610	2174	0.000000
281474976710655.000000	29.429075	2175	0.000000
281474976710655.000000	28.724527	2176	0.000000
281474976710655.000000	29.063185	2177	0.000000
281474976710655.000000	27.394367	2178	0.000000
281474976710655.000000	30.938475	2179	0.000000
281474976710655.000000	28.541237	2180	0.000000
281474976710655.000000	29.384708	2181	0.000000
281474976710655.000000	26.877766	2182	0.000000
281474976710655.000000	28.111509	2183	0.000000
281474976710655.000000	28.434345	2184	0.000000
281474976710655.000000	28.613174	2185	0.000000
281474976710655.000000	28.817368	2186	0.000000
281474976710655.000000	29.589846	2187	0.000000
281474976710655.000000	30.022205	2188	0.000000
281474976710655.000000	31.103769	2189	0.000000
281474976710655.000000	26.410145	2190	0.000000
281474976710655.000000	28.185732	2191	0.000000
281474976710655.000000	28.355518	2192	0.000000
281474976710655.000000	28.147032	2193	0.000000
281474976710655.000000	26.072828	2194	0.000000
281474976710655.000000	25.966961	2195	0.000000
281474976710655.000000	26.944855	2196	0.000000
281474976710655.000000	25.756393	2197	0.000000
281474976710655.000000	28.410803	2198	0.000000
281474976710655.000000	28.622316	2199	0.000000
281474976710655.000000	28.309311	2200	0.000000
281474976710655.000000	30.532450	2201	0.000000
281474976710655.000000	31.130198	2202	0.000000
281474976710655.000000	29.321516	2203	0.000000
281474976710655.000000	26.104460	2204	0.000000
281474976710655.000000	27.273073	2205	0.000000
281474976710655.000000	26.535273	2206	0.000000
281474976710655.000000	27.291971	2207	0.000000
281474976710655.000000	29.031351	2208	0.000000
281474976710655.000000	27.424711	2209	0.000000
281474976710655.000000	25.686436	2210	0.000000
281474976710655.000000	27.146540	2211	0.000000
281474976710655.000000	28.123014	2212	0.000000
281474976710655.000000	25.834669	2213	0.000000
281474976710655.000000	26.234341	2214	0.000000
281474976710655.000000	27.903851	2215	0.000000
281474976710655.000000	29.902037	2216	0.000000
281474976710655.000000	31.409134	2217	0.000000
281474976710655.000000	27.142416	2218	0.000000
281474976710655.000000	26.856127	2219	0.000000
281474976710655.000000	27.508215	2220	0.000000
281474976710655.000000	26.719816	2221	0.000000
281474976710655.000000	27.156511	2222	0.000000
281474976710655.000000	25.900316	2223	0.000000
281474976710655.000000	26.396576	2224	0.000000
281474976710655.000000	25.482069	2225	0.000000
281474976710655.000000	27.495441	2226	0.000000
281474976710655.000000	29.905960	2227	0.000000
281474976710655.000000	24.856054	2228	0.000000
281474976710655.000000	24.998899	2229	0.000000
281474976710655.000000	26.505911	2230	0.000000
281474976710655.000000	24.943480	2231	0.000000
281474976710655.000000	25.504692	2232	0.000000
281474976710655.000000	25.042744	2233	0.000000
281474976710655.000000	24.444111	2234	0.000000
281474976710655.000000	24.848366	2235	0.000000
281474976710655.000000	26.255037	2236	0.000000
281474976710655.000000	27.713648	2237	0.000000
281474976710655.000000	26.830418	2238	0.000000
281474976710655.000000	28.884005	2239	0.000000
281474976710655.000000	27.404810	2240	0.000000
281474976710655.000000	26.652693	2241	0.000000
281474976710655.000000	26.156843	2242	0.000000
281474976710655.000000	24.979040	2243	0.000000
281474976710655.000000	25.566576	2244	0.000000
281474976710655.000000	28.058844	2245	0.000000
281474976710655.000000	26.315420	2246	0.000000
281474976710655.000000	27.249702	2247	0.000000
281474976710655.000000	25.794876	2248	0.000000
281474976710655.000000	24.386108	2249	0.000000
281474976710655.000000	25.044033	2250	0.000000
281474976710655.000000	25.669689	2251	0.000000
281474976710655.000000	25.911224	2252	0.000000
281474976710655.000000	25.553808	2253	0.000000
281474976710655.000000	26.929884	2254	0.000000
281474976710655.000000	26.409702	2255	0.000000
281474976710655.000000	24.407412	2256	0.000000
281474976710655.000000	28.454725	2257	0.000000
281474976710655.000000	25.234058	2258	0.000000
281474976710655.000000	24.274632	2259	0.000000
281474976710655.000000	24.380299	2260	0.000000
281474976710655.000000	27.106833	2261	0.000000
281474976710655.000000	23.810905	2262	0.000000
281474976710655.000000	26.360163	2263	0.000000
281474976710655.000000	24.879446	2264	0.000000
281474976710655.000000	26.378143	2265	0.000000
281474976710655.000000	24.890017	2266	0.000000
281474976710655.000000	26.340765	2267	0.000000
281474976710655.000000	25.712406	2268	0.000000
281474976710655.000000	23.983742	2269	0.000000
281474976710655.000000	23.670315	2270	0.000000
281474976710655.000000	28.016510	2271	0.000000
281474976710655.000000	24.828283	2272	0.000000
281474976710655.000000	23.698730	2273	0.000000
281474976710655.000000	23.438412	2274	0.000000
281474976710655.000000	27.346235	2275	0.000000
281474976710655.000000	23.985176	2276	0.000000
281474976710655.000000	24.569687	2277	0.000000
281474976710655.000000	24.326672	2278	0.000000
281474976710655.000000	23.935703	2279	0.000000
281474976710655.000000	23.093935	2280	0.000000
281474976710655.000000	23.257021	2281	0.000000
281474976710655.000000	26.118147	2282	0.000000
281474976710655.000000	25.213154	2283	0.000000
281474976710655.000000	22.981268	2284	0.000000
281474976710655.000000	26.127274	2285	0.000000
281474976710655.000000	24.967663	2286	0.000000
281474976710655.000000	23.381088	2287	0.000000
281474976710655.000000	24.991238	2288	0.000000
281474976710655.000000	23.001152	2289	0.000000
281474976710655.000000	24.249037	2290	0.000000
281474976710655.000000	23.938250	2291	0.000000
281474976710655.000000	24.500479	2292	0.000000
281474976710655.000000	25.563940	2293	0.000000
281474976710655.000000	24.464638	2294	0.000000
281474976710655.000000	26.576498	2295	0.000000
281474976710655.000000	25.144121	2296	0.000000
281474976710655.000000	23.567419	2297	0.000000
281474976710655.000000	24.872036	2298	0.000000
281474976710655.000000	23.606205	2299	0.000000
281474976710655.000000	23.473326	2300	0.000000
281474976710655.000000	22.839916	2301	0.000000
281474976710655.000000	24.093618	2302	0.000000
281474976710655.000000	23.695818	2303	0.000000
281474976710655.000000	24.345114	2304	0.000000
281474976710655.000000	23.128279	2305	0.000000
281474976710655.000000	22.632784	2306	0.000000
281474976710655.000000	22.551821	2307	0.000000
281474976710655.000000	23.842365	2308	0.000000
281474976710655.000000	24.268503	2309	0.000000
281474976710655.000000	24.256260	2310	0.000000
281474976710655.000000	24.242306	2311	0.000000
281474976710655.000000	22.566547	2312	0.000000
281474976710655.000000	22.622231	2313	0.000000
281474976710655.000000	24.101645	2314	0.000000
281474976710655.000000	23.479584	2315	0.000000
281474976710655.000000	23.706213	2316	0.000000
281474976710655.000000	23.815275	2317	0.000000
281474976710655.000000	23.768036	2318	0.000000
281474976710655.000000	23.373312	2319	0.000000
281474976710655.000000	23.114342	2320	0.000000
281474976710655.000000	22.029425	2321	0.000000
281474976710655.000000	22.107723	2322	0.000000
281474976710655.000000	23.638824	2323	0.000000
281474976710655.000000	23.584841	2324	0.000000
281474976710655.000000	22.098362	2325	0.000000
281474976710655.000000	22.690435	2326	0.000000
281474976710655.000000	23.035280	2327	0.000000
281474976710655.000000	23.181643	2328	0.000000
281474976710655.000000	23.324192	2329	0.000000
281474976710655.000000	22.090359	2330	0.000000
281474976710655.000000	24.271435	2331	0.000000
281474976710655.000000	23.213848	2332	0.000000
281474976710655.000000	23.284504	2333	0.000000
281474976710655.000000	22.969133	2334	0.000000
281474976710655.000000	22.959435	2335	0.000000
281474976710655.000000	23.321737	2336	0.000000
281474976710655.000000	23.400740	2337	0.000000
281474976710655.000000	22.835537	2338	0.000000
281474976710655.000000	23.726326	2339	0.000000
281474976710655.000000	23.813389	2340	0.000000
281474976710655.000000	23.171288	2341	0.000000
281474976710655.000000	23.234045	2342	0.000000
281474976710655.000000	23.662514	2343	0.000000
281474976710655.000000	22.550560	2344	0.000000
281474976710655.000000	22.577711	2345	0.000000
281474976710655.000000	22.019846	2346	0.000000
281474976710655.000000	22.372179	2347	0.000000
281474976710655.000000	22.014376	2348	0.000000
281474976710655.000000	23.095106	2349	0.000000
281474976710655.000000	21.733784	2350	0.000000
281474976710655.000000	22.879356	2351	0.000000
281474976710655.000000	22.188433	2352	0.000000
281474976710655.000000	24.180672	2353	0.000000
281474976710655.000000	23.652557	2354	0.000000
281474976710655.000000	22.654251	2355	0.000000
281474976710655.000000	22.752672	2356	0.000000
281474976710655.000000	21.163929	2357	0.000000
281474976710655.000000	22.611120	2358	0.000000
281474976710655.000000	22.645163	2359	0.000000
281474976710655.000000	23.376431	2360	0.000000
281474976710655.000000	20.893559	2361	0.000000
281474976710655.000000	23.233187	2362	0.000000
281474976710655.000000	22.770061	2363	0.000000
281474976710655.000000	21.434786	2364	0.000000
281474976710655.000000	22.029821	2365	0.000000
281474976710655.000000	23.267935	2366	0.000000
281474976710655.000000	21.974228	2367	0.000000
281474976710655.000000	21.980690	2368	0.000000
281474976710655.000000	23.063601	2369	0.000000
281474976710655.000000	22.137030	2370	0.000000
281474976710655.000000	21.277277	2371	0.000000
281474976710655.000000	20.497030	2372	0.000000
281474976710655.000000	23.686781	2373	0.000000
281474976710655.000000	22.092093	2374	0.000000
281474976710655.000000	21.759262	2375	0.000000
281474976710655.000000	22.118380	2376	0.000000
281474976710655.000000	21.903507	2377	0.000000
281474976710655.000000	22.634697	2378	0.000000
281474976710655.000000	21.100145	2379	0.000000
281474976710655.000000	22.875534	2380	0.000000
281474976710655.000000	22.184765	2381	0.000000
281474976710655.000000	21.352558	2382	0.000000
281474976710655.000000	21.174683	2383	0.000000
281474976710655.000000	22.074297	2384	0.000000
281474976710655.000000	22.078583	2385	0.000000
281474976710655.000000	21.595911	2386	0.000000
281474976710655.000000	20.743097	2387	0.000000
281474976710655.000000	21.131178	2388	0.000000
281474976710655.000000	21.807457	2389	0.000000
281474976710655.000000	20.254145	2390	0.000000
281474976710655.000000	20.350136	2391	0.000000
281474976710655.000000	22.907331	2392	0.000000
281474976710655.000000	22.338776	2393	0.000000
281474976710655.000000	20.922331	2394	0.000000
281474976710655.000000	22.246038	2395	0.000000
281474976710655.000000	21.745802	2396	0.000000
281474976710655.000000	21.353096	2397	0.000000
281474976710655.000000	21.142262	2398	0.000000
281474976710655.000000	19.950821	2399	0.000000
281474976710655.000000	22.540274	2400	0.000000
281474976710655.000000	22.020405	2401	0.000000
281474976710655.000000	21.478111	2402	0.000000
281474976710655.000000	21.071234	2403	0.000000
281474976710655.000000	21.546814	2404	0.000000
281474976710655.000000	20.516132	2405	0.000000
281474976710655.000000	19.727802	2406	0.000000
281474976710655.000000	21.196344	2407	0.000000
281474976710655.000000	21.224693	2408	0.000000
281474976710655.000000	21.312738	2409	0.000000
281474976710655.000000	21.016876	2410	0.000000
281474976710655.000000	20.669733	2411	0.000000
281474976710655.000000	19.441149	2412	0.000000
281474976710655.000000	20.906620	2413	0.000000
281474976710655.000000	20.876751	2414	0.000000
281474976710655.000000	20.784552	2415	0.000000
281474976710655.000000	20.866901	2416	0.000000
281474976710655.000000	21.526281	2417	0.000000
281474976710655.000000	20.440256	2418	0.000000
281474976710655.000000	20.689110	2419	0.000000
281474976710655.000000	21.207733	2420	0.000000
281474976710655.000000	21.005095	2421	0.000000
281474976710655.000000	20.367336	2422	0.000000
281474976710655.000000	20.158133	2423	0.000000
281474976710655.000000	20.038332	2424	0.000000
281474976710655.000000	20.065233	2425	0.000000
281474976710655.000000	19.844595	2426	0.000000
281474976710655.000000	20.973301	2427	0.000000
281474976710655.000000	20.565275	2428	0.000000
281474976710655.000000	21.238785	2429	0.000000
281474976710655.000000	20.899389	2430	0.000000
281474976710655.000000	20.283657	2431	0.000000
281474976710655.000000	19.538467	2432	0.000000
281474976710655.000000	19.936651	2433	0.000000
281474976710655.000000	20.258707	2434	0.000000
281474976710655.000000	20.852505	2435	0.000000
281474976710655.000000	19.725977	2436	0.000000
281474976710655.000000	19.857672	2437	0.000000
281474976710655.000000	19.634079	2438	0.000000
281474976710655.000000	19.467381	2439	0.000000
281474976710655.000000	19.876326	2440	0.000000
281474976710655.000000	20.723778	2441	0.000000
281474976710655.000000	19.668896	2442	0.000000
281474976710655.000000	19.247368	2443	0.000000
281474976710655.000000	19.672153	2444	0.000000
281474976710655.000000	19.339794	2445	0.000000
281474976710655.000000	19.320148	2446	0.000000
281474976710655.000000	19.323721	2447	0.000000
281474976710655.000000	19.276142	2448	0.000000
281474976710655.000000	19.954018	2449	0.000000
281474976710655.000000	19.026871	2450	0.000000
281474976710655.000000	20.170727	2451	0.000000
281474976710655.000000	19.624466	2452	0.000000
281474976710655.000000	19.008505	2453	0.000000
281474976710655.000000	20.228647	2454	0.000000
281474976710655.000000	20.331245	2455	0.000000
281474976710655.000000	20.322660	2456	0.000000
281474976710655.000000	20.192934	2457	0.000000
281474976710655.000000	20.321228	2458	0.000000
281474976710655.000000	19.762995	2459	0.000000
281474976710655.000000	19.513069	2460	0.000000
281474976710655.000000	20.036190	2461	0.000000
281474976710655.000000	19.404972	2462	0.000000
281474976710655.000000	18.957504	2463	0.000000
281474976710655.000000	18.869295	2464	0.000000
281474976710655.000000	19.114859	2465	0.000000
281474976710655.000000	20.215763	2466	0.000000
281474976710655.000000	19.500151	2467	0.000000
281474976710655.000000	19.425379	2468	0.000000
281474976710655.000000	19.257967	2469	0.000000
281474976710655.000000	18.971474	2470	0.000000
281474976710655.000000	19.425962	2471	0.000000
281474976710655.000000	19.311058	2472	0.000000
281474976710655.000000	19.187319	2473	0.000000
281474976710655.000000	19.049221	2474	0.000000
281474976710655.000000	19.154928	2475	0.000000
281474976710655.000000	18.682522	2476	0.000000
281474976710655.000000	19.097128	2477	0.000000
281474976710655.000000	19.471239	2478	0.000000
281474976710655.000000	19.509977	2479	0.000000
281474976710655.000000	18.342491	2480	0.000000
281474976710655.000000	20.016127	2481	0.000000
281474976710655.000000	19.243242	2482	0.000000
281474976710655.000000	19.546566	2483	0.000000
281474976710655.000000	18.220243	2484	0.000000
281474976710655.000000	19.263071	2485	0.000000
281474976710655.000000	18.662138	2486	0.000000
281474976710655.000000	19.488201	2487	0.000000
281474976710655.000000	18.382072	2488	0.000000
281474976710655.000000	19.041357	2489	0.000000
281474976710655.000000	18.981075	2490	0.000000
281474976710655.000000	18.900677	2491	0.000000
281474976710655.000000	19.243725	2492	0.000000
281474976710655.000000	19.010529	2493	0.000000
281474976710655.000000	18.656368	2494	0.000000
281474976710655.000000	18.959444	2495	0.000000
281474976710655.000000	18.494965	2496	0.000000
281474976710655.000000	19.089544	2497	0.000000
281474976710655.000000	18.287235	2498	0.000000
281474976710655.000000	18.494068	2499	0.000000
281474976710655.000000	17.607414	2500	0.000000
281474976710655.000000	17.959694	2501	0.000000
281474976710655.000000	18.622000	2502	0.000000
281474976710655.000000	18.313423	2503	0.000000
281474976710655.000000	18.140259	2504	0.000000
281474976710655.000000	17.780941	2505	0.000000
281474976710655.000000	18.305294	2506	0.000000
281474976710655.000000	18.105272	2507	0.000000
281474976710655.000000	18.237562	2508	0.000000
281474976710655.000000	18.510103	2509	0.000000
281474976710655.000000	17.552073	2510	0.000000
281474976710655.000000	18.404095	2511	0.000000
281474976710655.000000	18.225101	2512	0.000000
281474976710655.000000	18.203781	2513	0.000000
281474976710655.000000	18.621414	2514	0.000000
281474976710655.000000	17.533165	2515	0.000000
281474976710655.000000	17.640120	2516	0.000000
281474976710655.000000	18.169119	2517	0.000000
281474976710655.000000	18.025486	2518	0.000000
281474976710655.000000	18.165943	2519	0.000000
281474976710655.000000	18.029963	2520	0.000000
281474976710655.000000	18.443750	2521	0.000000
281474976710655.000000	17.845133	2522	0.000000
281474976710655.000000	17.952452	2523	0.000000
281474976710655.000000	17.162169	2524	0.000000
281474976710655.000000	17.180994	2525	0.000000
281474976710655.000000	17.393459	2526	0.000000
281474976710655.000000	17.800007	2527	0.000000
281474976710655.000000	17.949080	2528	0.000000
281474976710655.000000	17.386801	2529	0.000000
281474976710655.000000	17.755215	2530	0.000000
281474976710655.000000	18.231871	2531	0.000000
281474976710655.000000	18.025837	2532	0.000000
281474976710655.000000	17.720741	2533	0.000000
281474976710655.000000	17.378872	2534	0.000000
281474976710655.000000	17.852461	2535	0.000000
281474976710655.000000	17.647638	2536	0.000000
281474976710655.000000	17.482618	2537	0.000000
281474976710655.000000	17.821234	2538	0.000000
281474976710655.000000	17.705488	2539	0.000000
281474976710655.000000	18.131641	2540	0.000000
281474976710655.000000	17.357304	2541	0.000000
281474976710655.000000	17.274616	2542	0.000000
281474976710655.000000	16.592039	2543	0.000000
281474976710655.000000	17.837633	2544	0.000000
281474976710655.000000	17.622877	2545	0.000000
281474976710655.000000	17.326218	2546	0.000000
281474976710655.000000	16.700480	2547	0.000000
281474976710655.000000	17.596748	2548	0.000000
281474976710655.000000	17.288029	2549	0.000000
281474976710655.000000	16.845694	2550	0.000000
281474976710655.000000	17.825150	2551	0.000000
281474976710655.000000	16.962063	2552	0.000000
281474976710655.000000	17.388231	2553	0.000000
281474976710655.000000	17.567947	2554	0.000000
281474976710655.000000	17.943478	2555	0.000000
281474976710655.000000	17.061680	2556	0.000000
281474976710655.000000	17.455004	2557	0.000000
281474976710655.000000	17.649641	2558	0.000000
281474976710655.000000	17.466175	2559	0.000000
281474976710655.000000	16.741308	2560	0.000000
281474976710655.000000	16.975163	2561	0.000000
281474976710655.000000	16.628414	2562	0.000000
281474976710655.000000	17.288441	2563	0.000000
281474976710655.000000	16.823645	2564	0.000000
281474976710655.000000	17.020599	2565	0.000000
281474976710655.000000	16.368307	2566	0.000000
281474976710655.000000	17.565704	2567	0.000000
281474976710655.000000	16.544773	2568	0.000000
281474976710655.000000	17.426821	2569	0.000000
281474976710655.000000	16.565910	2570	0.000000
281474976710655.000000	17.035841	2571	0.000000
281474976710655.000000	16.730415	2572	0.000000
281474976710655.000000	16.832954	2573	0.000000
281474976710655.000000	16.282982	2574	0.000000
281474976710655.000000	16.954367	2575	0.000000
281474976710655.000000	16.686255	2576	0.000000
281474976710655.000000	16.715553	2577	0.000000
281474976710655.000000	16.217447	2578	0.000000
281474976710655.000000	16.694183	2579	0.000000
281474976710655.000000	16.724152	2580	0.000000
281474976710655.000000	17.039515	2581	0.000000
281474976710655.000000	16.336498	2582	0.000000
281474976710655.000000	16.187777	2583	0.000000
281474976710655.000000	16.639601	2584	0.000000
281474976710655.000000	16.285679	2585	0.000000
281474976710655.000000	16.854942	2586	0.000000
281474976710655.000000	16.321392	2587	0.000000
281474976710655.000000	15.936257	2588	0.000000
281474976710655.000000	16.689926	2589	0.000000
281474976710655.000000	16.704620	2590	0.000000
281474976710655.000000	16.446024	2591	0.000000
281474976710655.000000	16.182692	2592	0.000000
281474976710655.000000	16.154520	2593	0.000000
281474976710655.000000	16.189144	2594	0.000000
281474976710655.000000	15.773687	2595	0.000000
281474976710655.000000	16.302042	2596	0.000000
281474976710655.000000	15.848015	2597	0.000000
281474976710655.000000	16.278248	2598	0.000000
281474976710655.000000	15.677460	2599	0.000000
281474976710655.000000	16.006344	2600	0.000000
281474976710655.000000	15.584660	2601	0.000000
281474976710655.000000	15.742451	2602	0.000000
281474976710655.000000	15.670506	2603	0.000000
281474976710655.000000	16.219940	2604	0.000000
281474976710655.000000	15.756041	2605	0.000000
281474976710655.000000	16.106932	2606	0.000000
281474976710655.000000	15.638334	2607	0.000000
281474976710655.000000	15.606441	2608	0.000000
281474976710655.000000	15.629998	2609	0.000000
281474976710655.000000	16.248808	2610	0.000000
281474976710655.000000	16.233780	2611	0.000000
281474976710655.000000	15.975116	2612	0.000000
281474976710655.000000	16.010672	2613	0.000000
281474976710655.000000	15.893579	2614	0.000000
281474976710655.000000	15.624232	2615	0.000000
281474976710655.000000	15.987692	2616	0.000000
281474976710655.000000	16.187721	2617	0.000000
281474976710655.000000	15.810026	2618	0.000000
281474976710655.000000	15.856284	2619	0.000000
281474976710655.000000	15.778481	2620	0.000000
281474976710655.000000	15.647717	2621	0.000000
281474976710655.000000	15.402823	2622	0.000000
281474976710655.000000	15.639187	2623	0.000000
281474976710655.000000	15.618921	2624	0.000000
281474976710655.000000	16.025194	2625	0.000000
281474976710655.000000	15.559378	2626	0.000000
281474976710655.000000	15.587645	2627	0.000000
281474976710655.000000	15.320950	2628	0.000000
281474976710655.000000	15.671477	2629	0.000000
281474976710655.000000	15.379059	2630	0.000000
281474976710655.000000	15.736862	2631	0.000000
281474976710655.000000	15.599315	2632	0.000000
281474976710655.000000	15.440579	2633	0.000000
281474976710655.000000	14.788870	2634	0.000000
281474976710655.000000	15.595998	2635	0.000000
281474976710655.000000	14.908172	2636	0.000000
281474976710655.000000	15.853258	2637	0.000000
281474976710655.000000	15.458658	2638	0.000000
281474976710655.000000	15.263207	2639	0.000000
281474976710655.000000	15.231331	2640	0.000000
281474976710655.000000	15.898296	2641	0.000000
281474976710655.000000	15.036496	2642	0.000000
281474976710655.000000	14.984629	2643	0.000000
281474976710655.000000	14.758614	2644	0.000000
281474976710655.000000	15.464670	2645	0.000000
281474976710655.000000	14.815199	2646	0.000000
281474976710655.000000	15.173361	2647	0.000000
281474976710655.000000	14.765448	2648	0.000000
281474976710655.000000	15.273271	2649	0.000000
281474976710655.000000	15.025359	2650	0.000000
281474976710655.000000	15.487946	2651	0.000000
281474976710655.000000	14.649199	2652	0.000000
281474976710655.000000	14.853471	2653	0.000000
281474976710655.000000	14.669426	2654	0.000000
281474976710655.000000	15.224184	2655	0.000000
281474976710655.000000	14.513839	2656	0.000000
281474976710655.000000	14.879240	2657	0.000000
281474976710655.000000	14.830098	2658	0.000000
281474976710655.000000	14.726521	2659	0.000000
281474976710655.000000	14.563949	2660	0.000000
281474976710655.000000	14.638293	2661	0.000000
281474976710655.000000	14.538589	2662	0.000000
281474976710655.000000	14.815610	2663	0.000000
281474976710655.000000	14.567715	2664	0.000000
281474976710655.000000	14.933155	2665	0.000000
281474976710655.000000	14.686464	2666	0.000000
281474976710655.000000	15.198996	2667	0.000000
281474976710655.000000	14.839399	2668	0.000000
281474976710655.000000	15.075180	2669	0.000000
281474976710655.000000	14.405383	2670	0.000000
281474976710655.000000	14.553256	2671	0.000000
281474976710655.000000	15.010971	2672	0.000000
281474976710655.000000	14.637631	2673	0.000000
281474976710655.000000	14.203484	2674	0.000000
281474976710655.000000	14.809488	2675	0.000000
281474976710655.000000	14.880399	2676	0.000000
281474976710655.000000	15.086662	2677	0.000000
281474976710655.000000	14.577614	2678	0.000000
281474976710655.000000	14.567074	2679	0.000000
281474976710655.000000	14.721565	2680	0.000000
281474976710655.000000	14.505490	2681	0.000000
281474976710655.000000	14.084376	2682	0.000000
281474976710655.000000	14.588623	2683	0.000000
281474976710655.000000	14.626489	2684	0.000000
281474976710655.000000	14.685517	2685	0.000000
281474976710655.000000	14.364573	2686	0.000000
281474976710655.000000	14.778168	2687	0.000000
281474976710655.000000	14.706889	2688	0.000000
281474976710655.000000	15.162457	2689	0.000000
281474976710655.000000	14.521037	2690	0.000000
281474976710655.000000	14.820599	2691	0.000000
281474976710655.000000	14.258683	2692	0.000000
281474976710655.000000	14.147555	2693	0.000000
281474976710655.000000	14.288199	2694	0.000000
281474976710655.000000	14.743130	2695	0.000000
281474976710655.000000	14.168980	2696	0.000000
281474976710655.000000	14.652867	2697	0.000000
281474976710655.000000	14.607599	2698	0.000000
281474976710655.000000	14.486490	2699	0.000000
281474976710655.000000	14.669207	2700	0.000000
281474976710655.000000	14.507525	2701	0.000000
281474976710655.000000	14.149595	2702	0.000000
281474976710655.000000	14.077135	2703	0.000000
281474976710655.000000	14.329197	2704	0.000000
281474976710655.000000	14.044991	2705	0.000000
281474976710655.000000	14.052606	2706	0.000000
281474976710655.000000	13.985744	2707	0.000000
281474976710655.000000	13.656314	2708	0.000000
281474976710655.000000	14.495893	2709	0.000000
281474976710655.000000	13.422825	2710	0.000000
281474976710655.000000	14.469276	2711	0.000000
281474976710655.000000	13.328176	2712	0.000000
281474976710655.000000	14.783690	2713	0.000000
281474976710655.000000	13.443536	2714	0.000000
281474976710655.000000	13.933000	2715	0.000000
281474976710655.000000	13.410690	2716	0.000000
281474976710655.000000	14.193619	2717	0.000000
281474976710655.000000	13.405714	2718	0.000000
281474976710655.000000	14.046997	2719	0.000000
281474976710655.000000	13.965974	2720	0.000000
281474976710655.000000	13.987959	2721	0.000000
281474976710655.000000	13.637875	2722	0.000000
281474976710655.000000	13.772194	2723	0.000000
281474976710655.000000	13.435006	2724	0.000000
281474976710655.000000	14.178082	2725	0.000000
281474976710655.000000	13.505500	2726	0.000000
281474976710655.000000	13.981585	2727	0.000000
281474976710655.000000	13.215903	2728	0.000000
281474976710655.000000	13.819350	2729	0.000000
281474976710655.000000	13.777465	2730	0.000000
281474976710655.000000	14.319087	2731	0.000000
281474976710655.000000	13.474607	2732	0.000000
281474976710655.000000	13.920686	2733	0.000000
281474976710655.000000	13.345760	2734	0.000000
281474976710655.000000	13.637959	2735	0.000000
281474976710655.000000	13.079341	2736	0.000000
281474976710655.000000	13.156240	2737	0.000000
281474976710655.000000	13.433176	2738	0.000000
281474976710655.000000	13.453237	2739	0.000000
281474976710655.000000	13.357430	2740	0.000000
281474976710655.000000	13.598881	2741	0.000000
281474976710655.000000	13.324037	2742	0.000000
281474976710655.000000	13.195899	2743	0.000000
281474976710655.000000	13.377201	2744	0.000000
281474976710655.000000	13.426815	2745	0.000000
281474976710655.000000	13.547602	2746	0.000000
281474976710655.000000	13.717371	2747	0.000000
281474976710655.000000	13.031768	2748	0.000000
281474976710655.000000	13.640921	2749	0.000000
281474976710655.000000	13.028324	2750	0.000000
281474976710655.000000	13.317539	2751	0.000000
281474976710655.000000	13.200074	2752	0.000000
281474976710655.000000	13.046654	2753	0.000000
281474976710655.000000	13.408922	2754	0.000000
281474976710655.000000	13.158469	2755	0.000000
281474976710655.000000	12.985247	2756	0.000000
281474976710655.000000	12.889940	2757	0.000000
281474976710655.000000	13.074039	2758	0.000000
281474976710655.000000	13.421533	2759	0.000000
281474976710655.000000	13.230816	2760	0.000000
281474976710655.000000	13.258873	2761	0.000000
281474976710655.000000	12.769875	2762	0.000000
281474976710655.000000	12.889236	2763	0.000000
281474976710655.000000	12.940704	2764	0.000000
281474976710655.000000	13.619120	2765	0.000000
281474976710655.000000	12.949614	2766	0.000000
281474976710655.000000	13.644144	2767	0.000000
281474976710655.000000	13.118152	2768	0.000000
281474976710655.000000	13.702476	2769	0.000000
281474976710655.000000	12.742492	2770	0.000000
281474976710655.000000	12.903717	2771	0.000000
281474976710655.000000	12.830689	2772	0.000000
281474976710655.000000	13.160159	2773	0.000000
281474976710655.000000	12.640285	2774	0.000000
281474976710655.000000	13.366397	2775	0.000000
281474976710655.000000	12.686489	2776	0.000000
281474976710655.000000	13.070527	2777	0.000000
281474976710655.000000	12.402174	2778	0.000000
281474976710655.000000	13.238260	2779	0.000000
281474976710655.000000	12.431457	2780	0.000000
281474976710655.000000	13.217610	2781	0.000000
281474976710655.000000	12.563842	2782	0.000000
281474976710655.000000	13.383741	2783	0.000000
281474976710655.000000	12.394617	2784	0.000000
281474976710655.000000	12.596333	2785	0.000000
281474976710655.000000	12.352803	2786	0.000000
281474976710655.000000	13.235716	2787	0.000000
281474976710655.000000	12.344957	2788	0.000000
281474976710655.000000	12.537630	2789	0.000000
281474976710655.000000	12.486817	2790	0.000000
281474976710655.000000	12.597010	2791	0.000000
281474976710655.000000	12.161091	2792	0.000000
281474976710655.000000	12.556375	2793	0.000000
281474976710655.000000	12.463121	2794	0.000000
281474976710655.000000	12.705005	2795	0.000000
281474976710655.000000	12.302048	2796	0.000000
281474976710655.000000	12.529754	2797	0.000000
281474976710655.000000	12.519143	2798	0.000000
281474976710655.000000	12.450977	2799	0.000000
281474976710655.000000	12.182748	2800	0.000000
281474976710655.000000	12.288640	2801	0.000000
281474976710655.000000	12.250772	2802	0.000000
281474976710655.000000	12.465542	2803	0.000000
281474976710655.000000	12.445832	2804	0.000000
281474976710655.000000	12.161393	2805	0.000000
281474976710655.000000	12.214756	2806	0.000000
281474976710655.000000	12.375899	2807	0.000000
281474976710655.000000	12.154983	2808	0.000000
281474976710655.000000	12.801778	2809	0.000000
281474976710655.000000	12.420971	2810	0.000000
281474976710655.000000	12.317456	2811	0.000000
281474976710655.000000	12.224832	2812	0.000000
281474976710655.000000	12.326484	2813	0.000000
281474976710655.000000	12.182159	2814	0.000000
281474976710655.000000	12.426207	2815	0.000000
281474976710655.000000	12.230778	2816	0.000000
281474976710655.000000	12.268435	2817	0.000000
281474976710655.000000	12.146088	2818	0.000000
281474976710655.000000	12.628744	2819	0.000000
281474976710655.000000	12.284876	2820	0.000000
281474976710655.000000	12.502454	2821	0.000000
281474976710655.000000	11.806867	2822	0.000000
281474976710655.000000	12.272677	2823	0.000000
281474976710655.000000	12.117643	2824	0.000000
281474976710655.000000	12.267080	2825	0.000000
281474976710655.000000	12.079368	2826	0.000000
281474976710655.000000	12.516274	2827	0.000000
281474976710655.000000	11.807127	2828	0.000000
281474976710655.000000	12.314252	2829	0.000000
281474976710655.000000	11.786923	2830	0.000000
281474976710655.000000	12.245665	2831	0.000000
281474976710655.000000	11.549965	2832	0.000000
281474976710655.000000	12.333882	2833	0.000000
281474976710655.000000	11.724873	2834	0.000000
281474976710655.000000	12.388641	2835	0.000000
281474976710655.000000	11.580645	2836	0.000000
281474976710655.000000	12.260172	2837	0.000000
281474976710655.000000	11.777326	2838	0.000000
281474976710655.000000	12.067438	2839	0.000000
281474976710655.000000	11.792516	2840	0.000000
281474976710655.000000	11.962402	2841	0.000000
281474976710655.000000	11.427875	2842	0.000000
281474976710655.000000	11.954000	2843	0.000000
281474976710655.000000	11.639456	2844	0.000000
281474976710655.000000	11.867216	2845	0.000000
281474976710655.000000	11.420609	2846	0.000000
281474976710655.000000	11.891124	2847	0.000000
281474976710655.000000	11.442002	2848	0.000000
281474976710655.000000	11.813932	2849	0.000000
281474976710655.000000	11.323785	2850	0.000000
281474976710655.000000	11.601347	2851	0.000000
281474976710655.000000	11.119525	2852	0.000000
281474976710655.000000	11.640665	2853	0.000000
281474976710655.000000	11.332044	2854	0.000000
281474976710655.000000	11.559890	2855	0.000000
281474976710655.000000	11.221636	2856	0.000000
281474976710655.000000	11.297211	2857	0.000000
281474976710655.000000	11.380421	2858	0.000000
281474976710655.000000	11.606835	2859	0.000000
281474976710655.000000	11.202604	2860	0.000000
281474976710655.000000	11.670979	2861	0.000000
281474976710655.000000	11.444862	2862	0.000000
281474976710655.000000	11.634655	2863	0.000000
281474976710655.000000	11.215415	2864	0.000000
281474976710655.000000	11.443281	2865	0.000000
281474976710655.000000	11.271337	2866	0.000000
281474976710655.000000	11.192686	2867	0.000000
281474976710655.000000	10.998296	2868	0.000000
281474976710655.000000	11.402487	2869	0.000000
281474976710655.000000	11.300384	2870	0.000000
281474976710655.000000	11.432114	2871	0.000000
281474976710655.000000	11.133010	2872	0.000000
281474976710655.000000	11.500882	2873	0.000000
281474976710655.000000	11.041695	2874	0.000000
281474976710655.000000	11.137318	2875	0.000000
281474976710655.000000	11.020247	2876	0.000000
281474976710655.000000	11.283312	2877	0.000000
281474976710655.000000	11.166712	2878	0.000000
281474976710655.000000	11.323562	2879	0.000000
281474976710655.000000	11.031616	2880	0.000000
281474976710655.000000	11.166819	2881	0.000000
281474976710655.000000	11.062234	2882	0.000000
281474976710655.000000	11.038980	2883	0.000000
281474976710655.000000	10.968741	2884	0.000000
281474976710655.000000	11.259866	2885	0.000000
281474976710655.000000	11.144501	2886	0.000000
281474976710655.000000	11.321399	2887	0.000000
281474976710655.000000	11.157941	2888	0.000000
281474976710655.000000	11.122447	2889	0.000000
281474976710655.000000	10.934405	2890	0.000000
281474976710655.000000	11.363816	2891	0.000000
281474976710655.000000	10.923117	2892	0.000000
281474976710655.000000	10.883972	2893	0.000000
281474976710655.000000	10.917245	2894	0.000000
281474976710655.000000	11.037942	2895	0.000000
281474976710655.000000	10.995881	2896	0.000000
281474976710655.000000	11.043525	2897	0.000000
281474976710655.000000	10.982854	2898	0.000000
281474976710655.000000	10.871480	2899	0.000000
281474976710655.000000	10.947633	2900	0.000000
281474976710655.000000	10.987347	2901	0.000000
281474976710655.000000	10.954387	2902	0.000000
281474976710655.000000	10.935280	2903	0.000000
281474976710655.000000	10.812071	2904	0.000000
281474976710655.000000	11.050947	2905	0.000000
281474976710655.000000	10.743319	2906	0.000000
281474976710655.000000	11.233449	2907	0.000000
281474976710655.000000	10.892931	2908	0.000000
281474976710655.000000	11.150039	2909	0.000000
281474976710655.000000	10.573690	2910	0.000000
281474976710655.000000	11.166386	2911	0.000000
281474976710655.000000	10.657743	2912	0.000000
281474976710655.000000	10.937295	2913	0.000000
281474976710655.000000	10.600163	2914	0.000000
281474976710655.000000	10.918283	2915	0.000000
281474976710655.000000	10.289187	2916	0.000000
281474976710655.000000	11.016465	2917	0.000000
281474976710655.000000	10.623384	2918	0.000000
281474976710655.000000	10.971364	2919	0.000000
281474976710655.000000	10.390535	2920	0.000000
281474976710655.000000	10.966161	2921	0.000000
281474976710655.000000	10.372625	2922	0.000000
281474976710655.000000	11.037684	2923	0.000000
281474976710655.000000	10.445409	2924	0.000000
281474976710655.000000	10.939206	2925	0.000000
281474976710655.000000	10.269636	2926	0.000000
281474976710655.000000	10.978025	2927	0.000000
281474976710655.000000	10.260105	2928	0.000000
281474976710655.000000	10.732046	2929	0.000000
281474976710655.000000	10.202376	2930	0.000000
281474976710655.000000	10.797166	2931	0.000000
281474976710655.000000	10.288054	2932	0.000000
281474976710655.000000	10.842266	2933	0.000000
281474976710655.000000	10.224228	2934	0.000000
281474976710655.000000	10.540387	2935	0.000000
281474976710655.000000	10.018471	2936	0.000000
281474976710655.000000	10.468032	2937	0.000000
281474976710655.000000	9.983981	2938	0.000000
281474976710655.000000	10.629313	2939	0.000000
281474976710655.000000	10.053828	2940	0.000000
281474976710655.000000	10.442637	2941	0.000000
281474976710655.000000	10.047632	2942	0.000000
281474976710655.000000	10.449737	2943	0.000000
281474976710655.000000	10.048833	2944	0.000000
281474976710655.000000	10.333267	2945	0.000000
281474976710655.000000	10.074100	2946	0.000000
281474976710655.000000	10.419863	2947	0.000000
281474976710655.000000	9.935680	2948	0.000000
281474976710655.000000	10.348899	2949	0.000000
281474976710655.000000	10.059801	2950	0.000000
281474976710655.000000	10.326113	2951	0.000000
281474976710655.000000	9.912101	2952	0.000000
281474976710655.000000	10.349275	2953	0.000000
281474976710655.000000	10.047308	2954	0.000000
281474976710655.000000	10.247416	2955	0.000000
281474976710655.000000	9.967591	2956	0.000000
281474976710655.000000	10.108087	2957	0.000000
281474976710655.000000	10.001853	2958	0.000000
281474976710655.000000	10.005726	2959	0.000000
281474976710655.000000	9.942472	2960	0.000000
281474976710655.000000	10.121615	2961	0.000000
281474976710655.000000	10.025253	2962	0.000000
281474976710655.000000	10.195695	2963	0.000000
281474976710655.000000	9.873963	2964	0.000000
281474976710655.000000	10.017670	2965	0.000000
281474976710655.000000	10.013078	2966	0.000000
281474976710655.000000	10.037325	2967	0.000000
281474976710655.000000	9.842007	2968	0.000000
281474976710655.000000	10.165930	2969	0.000000
281474976710655.000000	9.871042	2970	0.000000
281474976710655.000000	10.125697	2971	0.000000
281474976710655.000000	10.011632	2972	0.000000
281474976710655.000000	10.194668	2973	0.000000
281474976710655.000000	9.738473	2974	0.000000
281474976710655.000000	10.002307	2975	0.000000
281474976710655.000000	9.833114	2976	0.000000
281474976710655.000000	10.069316	2977	0.000000
281474976710655.000000	9.929320	2978	0.000000
281474976710655.000000	10.008127	2979	0.000000
281474976710655.000000	9.743616	2980	0.000000
281474976710655.000000	10.197697	2981	0.000000
281474976710655.000000	9.770432	2982	0.000000
281474976710655.000000	9.906431	2983	0.000000
281474976710655.000000	9.697046	2984	0.000000
281474976710655.000000	9.940868	2985	0.000000
281474976710655.000000	9.793197	2986	0.000000
281474976710655.000000	10.257872	2987	0.000000
281474976710655.000000	9.587046	2988	0.000000
281474976710655.000000	10.062559	2989	0.000000
281474976710655.000000	9.652655	2990	0.000000
281474976710655.000000	10.004286	2991	0.000000
281474976710655.000000	9.603885	2992	0.000000
281474976710655.000000	9.961011	2993	0.000000
281474976710655.000000	9.625622	2994	0.000000
281474976710655.000000	10.014751	2995	0.000000
281474976710655.000000	9.532920	2996	0.000000
281474976710655.000000	9.857832	2997	0.000000
281474976710655.000000	9.559878	2998	0.000000
281474976710655.000000	10.067151	2999	0.000000
281474976710655.000000	9.460515	3000	0.000000
281474976710655.000000	9.976066	3001	0.000000
281474976710655.000000	9.539874	3002	0.000000
281474976710655.000000	9.867844	3003	0.000000
281474976710655.000000	9.519691	3004	0.000000
281474976710655.000000	9.726995	3005	0.000000
281474976710655.000000	9.571638	3006	0.000000
281474976710655.000000	9.888947	3007	0.000000
281474976710655.000000	9.304597	3008	0.000000
281474976710655.000000	9.919127	3009	0.000000
281474976710655.000000	9.474084	3010	0.000000
281474976710655.000000	9.735570	3011	0.000000
281474976710655.000000	9.426210	3012	0.000000
281474976710655.000000	9.681794	3013	0.000000
281474976710655.000000	9.318116	3014	0.000000
281474976710655.000000	9.653306	3015	0.000000
281474976710655.000000	9.191046	3016	0.000000
281474976710655.000000	9.613493	3017	0.000000
281474976710655.000000	9.209489	3018	0.000000
281474976710655.000000	9.654194	3019	0.000000
281474976710655.000000	9.202735	3020	0.000000
281474976710655.000000	9.662401	3021	0.000000
281474976710655.000000	9.227649	3022	0.000000
281474976710655.000000	9.607965	3023	0.000000
281474976710655.000000	9.069614	3024	0.000000
281474976710655.000000	9.544941	3025	0.000000
281474976710655.000000	9.042590	3026	0.000000
281474976710655.000000	9.667611	3027	0.000000
281474976710655.000000	9.090916	3028	0.000000
281474976710655.000000	9.722539	3029	0.000000
281474976710655.000000	8.943386	3030	0.000000
281474976710655.000000	9.587776	3031	0.000000
281474976710655.000000	9.062720	3032	0.000000
281474976710655.000000	9.355644	3033	0.000000
281474976710655.000000	8.966249	3034	0.000000
281474976710655.000000	9.395659	3035	0.000000
281474976710655.000000	9.007045	3036	0.000000
281474976710655.000000	9.533148	3037	0.000000
281474976710655.000000	8.956213	3038	0.000000
281474976710655.000000	9.376132	3039	0.000000
281474976710655.000000	8.872752	3040	0.000000
281474976710655.000000	9.358084	3041	0.000000
281474976710655.000000	8.935760	3042	0.000000
281474976710655.000000	9.437329	3043	0.000000
281474976710655.000000	8.907516	3044	0.000000
281474976710655.000000	9.180690	3045	0.000000
281474976710655.000000	8.895145	3046	0.000000
281474976710655.000000	9.249400	3047	0.000000
281474976710655.000000	9.036597	3048	0.000000
281474976710655.000000	9.095993	3049	0.000000
281474976710655.000000	8.795363	3050	0.000000
281474976710655.000000	9.280354	3051	0.000000
281474976710655.000000	8.771873	3052	0.000000
281474976710655.000000	9.098491	3053	0.000000
281474976710655.000000	8.938552	3054	0.000000
281474976710655.000000	9.021711	3055	0.000000
281474976710655.000000	8.814938	3056	0.000000
281474976710655.000000	9.039741	3057	0.000000
281474976710655.000000	8.956095	3058	0.000000
281474976710655.000000	8.984104	3059	0.000000
281474976710655.000000	8.717841	3060	0.000000
281474976710655.000000	9.055494	3061	0.000000
281474976710655.000000	8.832652	3062	0.000000
281474976710655.000000	8.917964	3063	0.000000
281474976710655.000000	8.724659	3064	0.000000
281474976710655.000000	9.074992	3065	0.000000
281474976710655.000000	8.792569	3066	0.000000
281474976710655.000000	9.066488	3067	0.000000
281474976710655.000000	8.788795	3068	0.000000
281474976710655.000000	8.928461	3069	0.000000
281474976710655.000000	8.750268	3070	0.000000
281474976710655.000000	9.093221	3071	0.000000
281474976710655.000000	8.731760	3072	0.000000
281474976710655.000000	9.062130	3073	0.000000
281474976710655.000000	8.628178	3074	0.000000
281474976710655.000000	9.000747	3075	0.000000
281474976710655.000000	8.598358	3076	0.000000
281474976710655.000000	8.988085	3077	0.000000
281474976710655.000000	8.706610	3078	0.000000
281474976710655.000000	8.816313	3079	0.000000
281474976710655.000000	8.653713	3080	0.000000
281474976710655.000000	8.860162	3081	0.000000
281474976710655.000000	8.609042	3082	0.000000
281474976710655.000000	9.090747	3083	0.000000
281474976710655.000000	8.620812	3084	0.000000
281474976710655.000000	8.786289	3085	0.000000
281474976710655.000000	8.466831	3086	0.000000
281474976710655.000000	8.830456	3087	0.000000
281474976710655.000000	8.590211	3088	0.000000
281474976710655.000000	8.863207	3089	0.000000
281474976710655.000000	8.548812	3090	0.000000
281474976710655.000000	8.863134	3091	0.000000
281474976710655.000000	8.466265	3092	0.000000
281474976710655.000000	8.888511	3093	0.000000
281474976710655.000000	8.473014	3094	0.000000
281474976710655.000000	8.793447	3095	0.000000
281474976710655.000000	8.404619	3096	0.000000
281474976710655.000000	8.958577	3097	0.000000
281474976710655.000000	8.416183	3098	0.000000
281474976710655.000000	8.877078	3099	0.000000
281474976710655.000000	8.358171	3100	0.000000
281474976710655.000000	8.839404	3101	0.000000
281474976710655.000000	8.448848	3102	0.000000
281474976710655.000000	8.765325	3103	0.000000
281474976710655.000000	8.375744	3104	0.000000
281474976710655.000000	8.826421	3105	0.000000
281474976710655.000000	8.421571	3106	0.000000
281474976710655.000000	8.792709	3107	0.000000
281474976710655.000000	8.330105	3108	0.000000
281474976710655.000000	8.634356	3109	0.000000
281474976710655.000000	8.338241	3110	0.000000
281474976710655.000000	8.600938	3111	0.000000
281474976710655.000000	8.281952	3112	0.000000
281474976710655.000000	8.701653	3113	0.000000
281474976710655.000000	8.248890	3114	0.000000
281474976710655.000000	8.525345	3115	0.000000
281474976710655.000000	8.141053	3116	0.000000
281474976710655.000000	8.651309	3117	0.000000
281474976710655.000000	8.270432	3118	0.000000
281474976710655.000000	8.565468	3119	0.000000
281474976710655.000000	8.157172	3120	0.000000
281474976710655.000000	8.593103	3121	0.000000
281474976710655.000000	8.099926	3122	0.000000
281474976710655.000000	8.458317	3123	0.000000
281474976710655.000000	8.126861	3124	0.000000
281474976710655.000000	8.538926	3125	0.000000
281474976710655.000000	8.106676	3126	0.000000
281474976710655.000000	8.511143	3127	0.000000
281474976710655.000000	8.031130	3128	0.000000
281474976710655.000000	8.503942	3129	0.000000
281474976710655.000000	7.963745	3130	0.000000
281474976710655.000000	8.577271	3131	0.000000
281474976710655.000000	7.940422	3132	0.000000
281474976710655.000000	8.522184	3133	0.000000
281474976710655.000000	8.044369	3134	0.000000
281474976710655.000000	8.424114	3135	0.000000
281474976710655.000000	7.927717	3136	0.000000
281474976710655.000000	8.480342	3137	0.000000
281474976710655.000000	7.925096	3138	0.000000
281474976710655.000000	8.304775	3139	0.000000
281474976710655.000000	8.000751	3140	0.000000
281474976710655.000000	8.323697	3141	0.000000
281474976710655.000000	7.929773	3142	0.000000
281474976710655.000000	8.284433	3143	0.000000
281474976710655.000000	7.966181	3144	0.000000
281474976710655.000000	8.226463	3145	0.000000
281474976710655.000000	7.884037	3146	0.000000
281474976710655.000000	8.190977	3147	0.000000
281474976710655.000000	7.845292	3148	0.000000
281474976710655.000000	8.190714	3149	0.000000
281474976710655.000000	7.928577	3150	0.000000
281474976710655.000000	8.168251	3151	0.000000
281474976710655.000000	7.931531	3152	0.000000
281474976710655.000000	8.162045	3153	0.000000
281474976710655.000000	7.792657	3154	0.000000
281474976710655.000000	8.143856	3155	0.000000
281474976710655.000000	7.902058	3156	0.000000
281474976710655.000000	8.035200	3157	0.000000
281474976710655.000000	7.898359	3158	0.000000
281474976710655.000000	8.069537	3159	0.000000
281474976710655.000000	7.771170	3160	0.000000
