crossing time (s)	slope (V/s)	crossing number
281474976710655.000000	48.571129	3588	0.000000
281474976710655.000000	49.072258	3589	0.000000
281474976710655.000000	48.322060	3590	0.000000
281474976710655.000000	49.527431	3591	0.000000
281474976710655.000000	65.150238	3592	0.000000
281474976710655.000000	51.665993	3593	0.000000
281474976710655.000000	41.944885	3594	0.000000
281474976710655.000000	66.816551	3595	0.000000
281474976710655.000000	59.065712	3596	0.000000
281474976710655.000000	48.277672	3597	0.000000
281474976710655.000000	47.491657	3598	0.000000
281474976710655.000000	37.306732	3599	0.000000
281474976710655.000000	53.424141	3600	0.000000
281474976710655.000000	42.366348	3601	0.000000
281474976710655.000000	47.712528	3602	0.000000
281474976710655.000000	65.363342	3603	0.000000
281474976710655.000000	47.574173	3604	0.000000
281474976710655.000000	64.544342	3605	0.000000
281474976710655.000000	47.521065	3606	0.000000
281474976710655.000000	47.134861	3607	0.000000
281474976710655.000000	39.500839	3608	0.000000
281474976710655.000000	45.671913	3609	0.000000
281474976710655.000000	46.023254	3610	0.000000
281474976710655.000000	47.135746	3611	0.000000
281474976710655.000000	47.543701	3612	0.000000
281474976710655.000000	47.224216	3613	0.000000
281474976710655.000000	36.523228	3614	0.000000
281474976710655.000000	58.162952	3615	0.000000
281474976710655.000000	48.402351	3616	0.000000
281474976710655.000000	39.072323	3617	0.000000
281474976710655.000000	47.888744	3618	0.000000
281474976710655.000000	52.203159	3619	0.000000
281474976710655.000000	44.302231	3620	0.000000
281474976710655.000000	38.657398	3621	0.000000
281474976710655.000000	46.749031	3622	0.000000
281474976710655.000000	45.700554	3623	0.000000
281474976710655.000000	51.419979	3624	0.000000
281474976710655.000000	38.761768	3625	0.000000
281474976710655.000000	40.417290	3626	0.000000
281474976710655.000000	51.366234	3627	0.000000
281474976710655.000000	62.381260	3628	0.000000
281474976710655.000000	40.154247	3629	0.000000
281474976710655.000000	30.740284	3630	0.000000
281474976710655.000000	44.849049	3631	0.000000
281474976710655.000000	50.717812	3632	0.000000
281474976710655.000000	46.194881	3633	0.000000
281474976710655.000000	44.770527	3634	0.000000
281474976710655.000000	45.960777	3635	0.000000
281474976710655.000000	56.500031	3636	0.000000
281474976710655.000000	42.969875	3637	0.000000
281474976710655.000000	55.618511	3638	0.000000
281474976710655.000000	56.244301	3639	0.000000
281474976710655.000000	50.402020	3640	0.000000
281474976710655.000000	45.597126	3641	0.000000
281474976710655.000000	44.680489	3642	0.000000
281474976710655.000000	30.555214	3643	0.000000
281474976710655.000000	46.113598	3644	0.000000
281474976710655.000000	45.453556	3645	0.000000
281474976710655.000000	45.522614	3646	0.000000
281474976710655.000000	39.677647	3647	0.000000
281474976710655.000000	37.423096	3648	0.000000
281474976710655.000000	44.059994	3649	0.000000
281474976710655.000000	44.556992	3650	0.000000
281474976710655.000000	45.584480	3651	0.000000
281474976710655.000000	45.363415	3652	0.000000
281474976710655.000000	45.690258	3653	0.000000
281474976710655.000000	42.123119	3654	0.000000
281474976710655.000000	49.135700	3655	0.000000
281474976710655.000000	45.599255	3656	0.000000
281474976710655.000000	38.665668	3657	0.000000
281474976710655.000000	34.035473	3658	0.000000
281474976710655.000000	36.844631	3659	0.000000
281474976710655.000000	44.154716	3660	0.000000
281474976710655.000000	43.189625	3661	0.000000
281474976710655.000000	48.170853	3662	0.000000
281474976710655.000000	54.093636	3663	0.000000
281474976710655.000000	37.879421	3664	0.000000
281474976710655.000000	43.520187	3665	0.000000
281474976710655.000000	38.067013	3666	0.000000
281474976710655.000000	42.820812	3667	0.000000
281474976710655.000000	53.292763	3668	0.000000
281474976710655.000000	38.003532	3669	0.000000
281474976710655.000000	43.420036	3670	0.000000
281474976710655.000000	37.876362	3671	0.000000
281474976710655.000000	35.974579	3672	0.000000
281474976710655.000000	43.318214	3673	0.000000
281474976710655.000000	42.545944	3674	0.000000
281474976710655.000000	53.535652	3675	0.000000
281474976710655.000000	43.828331	3676	0.000000
281474976710655.000000	42.996796	3677	0.000000
281474976710655.000000	40.511364	3678	0.000000
281474976710655.000000	43.024773	3679	0.000000
281474976710655.000000	52.920639	3680	0.000000
281474976710655.000000	42.290192	3681	0.000000
281474976710655.000000	42.285667	3682	0.000000
281474976710655.000000	32.877014	3683	0.000000
281474976710655.000000	42.197392	3684	0.000000
281474976710655.000000	35.306332	3685	0.000000
281474976710655.000000	44.326084	3686	0.000000
281474976710655.000000	47.009926	3687	0.000000
281474976710655.000000	51.901012	3688	0.000000
281474976710655.000000	41.851753	3689	0.000000
281474976710655.000000	51.914925	3690	0.000000
281474976710655.000000	40.578033	3691	0.000000
281474976710655.000000	36.580738	3692	0.000000
281474976710655.000000	41.366879	3693	0.000000
281474976710655.000000	41.905102	3694	0.000000
281474976710655.000000	45.185036	3695	0.000000
281474976710655.000000	41.682537	3696	0.000000
281474976710655.000000	41.344982	3697	0.000000
281474976710655.000000	42.035793	3698	0.000000
281474976710655.000000	41.793320	3699	0.000000
281474976710655.000000	51.391758	3700	0.000000
281474976710655.000000	41.078121	3701	0.000000
281474976710655.000000	41.217533	3702	0.000000
281474976710655.000000	41.146297	3703	0.000000
281474976710655.000000	35.673183	3704	0.000000
281474976710655.000000	51.114548	3705	0.000000
281474976710655.000000	33.750668	3706	0.000000
281474976710655.000000	41.247284	3707	0.000000
281474976710655.000000	40.891293	3708	0.000000
281474976710655.000000	39.174042	3709	0.000000
281474976710655.000000	35.689606	3710	0.000000
281474976710655.000000	51.381374	3711	0.000000
281474976710655.000000	49.839249	3712	0.000000
281474976710655.000000	34.169960	3713	0.000000
281474976710655.000000	34.933895	3714	0.000000
281474976710655.000000	40.855434	3715	0.000000
281474976710655.000000	41.227879	3716	0.000000
281474976710655.000000	40.762703	3717	0.000000
281474976710655.000000	39.910782	3718	0.000000
281474976710655.000000	48.020515	3719	0.000000
281474976710655.000000	40.953411	3720	0.000000
281474976710655.000000	33.882977	3721	0.000000
281474976710655.000000	46.352955	3722	0.000000
281474976710655.000000	50.314507	3723	0.000000
281474976710655.000000	43.728748	3724	0.000000
281474976710655.000000	40.216118	3725	0.000000
281474976710655.000000	34.554867	3726	0.000000
281474976710655.000000	40.102219	3727	0.000000
281474976710655.000000	39.435596	3728	0.000000
281474976710655.000000	50.185173	3729	0.000000
281474976710655.000000	48.502895	3730	0.000000
281474976710655.000000	44.134098	3731	0.000000
281474976710655.000000	39.322124	3732	0.000000
281474976710655.000000	45.530045	3733	0.000000
281474976710655.000000	40.445225	3734	0.000000
281474976710655.000000	38.701431	3735	0.000000
281474976710655.000000	40.009747	3736	0.000000
281474976710655.000000	43.450546	3737	0.000000
281474976710655.000000	39.361061	3738	0.000000
281474976710655.000000	35.054779	3739	0.000000
281474976710655.000000	40.200596	3740	0.000000
281474976710655.000000	38.795013	3741	0.000000
281474976710655.000000	38.885368	3742	0.000000
281474976710655.000000	42.995560	3743	0.000000
281474976710655.000000	34.062893	3744	0.000000
281474976710655.000000	33.675140	3745	0.000000
281474976710655.000000	38.548172	3746	0.000000
281474976710655.000000	33.475983	3747	0.000000
281474976710655.000000	47.991215	3748	0.000000
281474976710655.000000	36.262630	3749	0.000000
281474976710655.000000	47.681026	3750	0.000000
281474976710655.000000	36.156483	3751	0.000000
281474976710655.000000	31.944637	3752	0.000000
281474976710655.000000	36.351662	3753	0.000000
281474976710655.000000	37.955402	3754	0.000000
281474976710655.000000	38.677032	3755	0.000000
281474976710655.000000	46.988922	3756	0.000000
281474976710655.000000	39.410713	3757	0.000000
281474976710655.000000	34.995506	3758	0.000000
281474976710655.000000	38.224430	3759	0.000000
281474976710655.000000	32.696407	3760	0.000000
281474976710655.000000	39.500507	3761	0.000000
281474976710655.000000	38.329220	3762	0.000000
281474976710655.000000	31.782490	3763	0.000000
281474976710655.000000	36.799179	3764	0.000000
281474976710655.000000	33.417145	3765	0.000000
281474976710655.000000	33.191280	3766	0.000000
281474976710655.000000	44.999741	3767	0.000000
281474976710655.000000	32.335045	3768	0.000000
281474976710655.000000	32.969475	3769	0.000000
281474976710655.000000	36.767471	3770	0.000000
281474976710655.000000	38.030304	3771	0.000000
281474976710655.000000	36.705006	3772	0.000000
281474976710655.000000	32.885609	3773	0.000000
281474976710655.000000	36.328159	3774	0.000000
281474976710655.000000	41.656021	3775	0.000000
281474976710655.000000	36.614609	3776	0.000000
281474976710655.000000	41.190544	3777	0.000000
281474976710655.000000	36.614975	3778	0.000000
281474976710655.000000	37.252579	3779	0.000000
281474976710655.000000	36.270149	3780	0.000000
281474976710655.000000	37.106579	3781	0.000000
281474976710655.000000	31.997208	3782	0.000000
281474976710655.000000	37.006191	3783	0.000000
281474976710655.000000	36.724937	3784	0.000000
281474976710655.000000	42.664299	3785	0.000000
281474976710655.000000	36.366936	3786	0.000000
281474976710655.000000	36.690575	3787	0.000000
281474976710655.000000	32.649223	3788	0.000000
281474976710655.000000	30.535328	3789	0.000000
281474976710655.000000	31.557911	3790	0.000000
281474976710655.000000	36.189079	3791	0.000000
281474976710655.000000	36.302628	3792	0.000000
281474976710655.000000	38.880245	3793	0.000000
281474976710655.000000	36.407421	3794	0.000000
281474976710655.000000	35.706852	3795	0.000000
281474976710655.000000	31.598757	3796	0.000000
281474976710655.000000	41.809319	3797	0.000000
281474976710655.000000	41.871243	3798	0.000000
281474976710655.000000	31.177103	3799	0.000000
281474976710655.000000	35.854778	3800	0.000000
281474976710655.000000	31.411900	3801	0.000000
281474976710655.000000	31.362494	3802	0.000000
281474976710655.000000	31.371449	3803	0.000000
281474976710655.000000	31.035059	3804	0.000000
281474976710655.000000	35.857662	3805	0.000000
281474976710655.000000	31.128607	3806	0.000000
281474976710655.000000	36.453083	3807	0.000000
281474976710655.000000	35.192204	3808	0.000000
281474976710655.000000	35.624420	3809	0.000000
281474976710655.000000	41.035927	3810	0.000000
281474976710655.000000	33.458843	3811	0.000000
281474976710655.000000	36.090534	3812	0.000000
281474976710655.000000	31.037085	3813	0.000000
281474976710655.000000	34.599937	3814	0.000000
281474976710655.000000	38.861790	3815	0.000000
281474976710655.000000	34.737827	3816	0.000000
281474976710655.000000	33.473396	3817	0.000000
281474976710655.000000	34.633228	3818	0.000000
281474976710655.000000	30.829695	3819	0.000000
281474976710655.000000	30.843292	3820	0.000000
281474976710655.000000	35.698570	3821	0.000000
281474976710655.000000	32.248898	3822	0.000000
281474976710655.000000	36.762470	3823	0.000000
281474976710655.000000	33.929226	3824	0.000000
281474976710655.000000	38.370533	3825	0.000000
281474976710655.000000	33.956100	3826	0.000000
281474976710655.000000	36.477646	3827	0.000000
281474976710655.000000	31.606913	3828	0.000000
281474976710655.000000	34.188347	3829	0.000000
281474976710655.000000	29.252098	3830	0.000000
281474976710655.000000	29.120754	3831	0.000000
281474976710655.000000	32.785156	3832	0.000000
281474976710655.000000	35.141685	3833	0.000000
281474976710655.000000	33.702126	3834	0.000000
281474976710655.000000	34.411015	3835	0.000000
281474976710655.000000	33.354137	3836	0.000000
281474976710655.000000	34.535980	3837	0.000000
281474976710655.000000	39.097443	3838	0.000000
281474976710655.000000	34.224636	3839	0.000000
281474976710655.000000	33.194836	3840	0.000000
281474976710655.000000	35.423569	3841	0.000000
281474976710655.000000	34.296841	3842	0.000000
281474976710655.000000	30.466846	3843	0.000000
281474976710655.000000	29.655462	3844	0.000000
281474976710655.000000	31.952312	3845	0.000000
281474976710655.000000	33.210953	3846	0.000000
281474976710655.000000	36.652599	3847	0.000000
281474976710655.000000	33.409149	3848	0.000000
281474976710655.000000	37.829132	3849	0.000000
281474976710655.000000	31.438507	3850	0.000000
281474976710655.000000	29.408079	3851	0.000000
281474976710655.000000	32.711723	3852	0.000000
281474976710655.000000	33.441135	3853	0.000000
281474976710655.000000	31.276167	3854	0.000000
281474976710655.000000	35.660366	3855	0.000000
281474976710655.000000	32.717308	3856	0.000000
281474976710655.000000	38.787132	3857	0.000000
281474976710655.000000	28.944826	3858	0.000000
281474976710655.000000	33.173405	3859	0.000000
281474976710655.000000	32.919876	3860	0.000000
281474976710655.000000	29.326191	3861	0.000000
281474976710655.000000	30.986589	3862	0.000000
281474976710655.000000	32.719845	3863	0.000000
281474976710655.000000	31.991745	3864	0.000000
281474976710655.000000	30.448179	3865	0.000000
281474976710655.000000	35.731358	3866	0.000000
281474976710655.000000	32.509270	3867	0.000000
281474976710655.000000	32.571613	3868	0.000000
281474976710655.000000	30.948256	3869	0.000000
281474976710655.000000	35.872524	3870	0.000000
281474976710655.000000	33.185181	3871	0.000000
281474976710655.000000	32.167610	3872	0.000000
281474976710655.000000	33.143703	3873	0.000000
281474976710655.000000	32.236137	3874	0.000000
281474976710655.000000	29.214344	3875	0.000000
281474976710655.000000	31.502138	3876	0.000000
281474976710655.000000	30.197226	3877	0.000000
281474976710655.000000	29.960846	3878	0.000000
281474976710655.000000	28.627724	3879	0.000000
281474976710655.000000	27.932596	3880	0.000000
281474976710655.000000	32.618095	3881	0.000000
281474976710655.000000	27.932854	3882	0.000000
281474976710655.000000	31.853270	3883	0.000000
281474976710655.000000	32.685299	3884	0.000000
281474976710655.000000	32.470371	3885	0.000000
281474976710655.000000	31.656698	3886	0.000000
281474976710655.000000	29.012606	3887	0.000000
281474976710655.000000	27.889540	3888	0.000000
281474976710655.000000	32.048729	3889	0.000000
281474976710655.000000	30.962496	3890	0.000000
281474976710655.000000	33.577991	3891	0.000000
281474976710655.000000	29.035070	3892	0.000000
281474976710655.000000	32.021408	3893	0.000000
281474976710655.000000	29.453302	3894	0.000000
281474976710655.000000	31.905155	3895	0.000000
281474976710655.000000	27.075378	3896	0.000000
281474976710655.000000	31.849077	3897	0.000000
281474976710655.000000	27.144299	3898	0.000000
281474976710655.000000	32.779377	3899	0.000000
281474976710655.000000	30.166986	3900	0.000000
281474976710655.000000	31.751209	3901	0.000000
281474976710655.000000	28.480852	3902	0.000000
281474976710655.000000	28.421417	3903	0.000000
281474976710655.000000	30.106339	3904	0.000000
281474976710655.000000	29.692102	3905	0.000000
281474976710655.000000	28.215900	3906	0.000000
281474976710655.000000	31.904659	3907	0.000000
281474976710655.000000	32.785877	3908	0.000000
281474976710655.000000	30.352232	3909	0.000000
281474976710655.000000	28.982294	3910	0.000000
281474976710655.000000	30.876707	3911	0.000000
281474976710655.000000	29.959473	3912	0.000000
281474976710655.000000	31.570719	3913	0.000000
281474976710655.000000	32.724117	3914	0.000000
281474976710655.000000	28.172880	3915	0.000000
281474976710655.000000	28.758055	3916	0.000000
281474976710655.000000	30.521935	3917	0.000000
281474976710655.000000	30.456608	3918	0.000000
281474976710655.000000	26.546835	3919	0.000000
281474976710655.000000	29.430330	3920	0.000000
281474976710655.000000	31.288109	3921	0.000000
281474976710655.000000	30.166471	3922	0.000000
281474976710655.000000	30.758003	3923	0.000000
281474976710655.000000	30.627684	3924	0.000000
281474976710655.000000	31.257755	3925	0.000000
281474976710655.000000	30.418453	3926	0.000000
281474976710655.000000	29.956785	3927	0.000000
281474976710655.000000	29.486897	3928	0.000000
281474976710655.000000	29.761738	3929	0.000000
281474976710655.000000	30.059793	3930	0.000000
281474976710655.000000	27.675133	3931	0.000000
281474976710655.000000	26.520166	3932	0.000000
281474976710655.000000	30.008137	3933	0.000000
281474976710655.000000	28.724094	3934	0.000000
281474976710655.000000	30.257923	3935	0.000000
281474976710655.000000	28.444315	3936	0.000000
281474976710655.000000	28.660486	3937	0.000000
281474976710655.000000	30.372545	3938	0.000000
281474976710655.000000	29.680367	3939	0.000000
281474976710655.000000	29.058947	3940	0.000000
281474976710655.000000	30.163843	3941	0.000000
281474976710655.000000	28.027779	3942	0.000000
281474976710655.000000	30.177298	3943	0.000000
281474976710655.000000	30.190037	3944	0.000000
281474976710655.000000	30.613119	3945	0.000000
281474976710655.000000	30.004364	3946	0.000000
281474976710655.000000	27.651962	3947	0.000000
281474976710655.000000	27.851229	3948	0.000000
281474976710655.000000	26.300550	3949	0.000000
281474976710655.000000	27.943117	3950	0.000000
281474976710655.000000	29.962002	3951	0.000000
281474976710655.000000	27.928160	3952	0.000000
281474976710655.000000	27.621593	3953	0.000000
281474976710655.000000	26.526878	3954	0.000000
281474976710655.000000	28.171787	3955	0.000000
281474976710655.000000	27.804653	3956	0.000000
281474976710655.000000	29.450176	3957	0.000000
281474976710655.000000	25.603466	3958	0.000000
281474976710655.000000	29.010862	3959	0.000000
281474976710655.000000	29.305492	3960	0.000000
281474976710655.000000	29.113497	3961	0.000000
281474976710655.000000	26.181623	3962	0.000000
281474976710655.000000	28.696850	3963	0.000000
281474976710655.000000	25.990099	3964	0.000000
281474976710655.000000	29.609606	3965	0.000000
281474976710655.000000	26.829821	3966	0.000000
281474976710655.000000	30.143747	3967	0.000000
281474976710655.000000	26.201345	3968	0.000000
281474976710655.000000	28.683582	3969	0.000000
281474976710655.000000	25.937853	3970	0.000000
281474976710655.000000	29.881420	3971	0.000000
281474976710655.000000	27.835075	3972	0.000000
281474976710655.000000	29.669338	3973	0.000000
281474976710655.000000	27.488426	3974	0.000000
281474976710655.000000	29.636850	3975	0.000000
281474976710655.000000	27.647652	3976	0.000000
281474976710655.000000	27.472845	3977	0.000000
281474976710655.000000	28.725285	3978	0.000000
281474976710655.000000	26.293594	3979	0.000000
281474976710655.000000	25.571774	3980	0.000000
281474976710655.000000	28.850840	3981	0.000000
281474976710655.000000	27.463425	3982	0.000000
281474976710655.000000	26.782255	3983	0.000000
281474976710655.000000	28.148602	3984	0.000000
281474976710655.000000	26.130140	3985	0.000000
281474976710655.000000	25.180630	3986	0.000000
281474976710655.000000	30.080030	3987	0.000000
281474976710655.000000	26.518240	3988	0.000000
281474976710655.000000	30.611530	3989	0.000000
281474976710655.000000	27.241102	3990	0.000000
281474976710655.000000	31.927080	3991	0.000000
281474976710655.000000	28.286758	3992	0.000000
281474976710655.000000	26.489264	3993	0.000000
281474976710655.000000	25.105122	3994	0.000000
281474976710655.000000	27.454239	3995	0.000000
281474976710655.000000	25.051283	3996	0.000000
281474976710655.000000	27.247744	3997	0.000000
281474976710655.000000	29.226727	3998	0.000000
281474976710655.000000	25.798817	3999	0.000000
281474976710655.000000	26.062263	4000	0.000000
281474976710655.000000	25.754202	4001	0.000000
281474976710655.000000	25.461994	4002	0.000000
281474976710655.000000	28.400242	4003	0.000000
281474976710655.000000	24.622383	4004	0.000000
281474976710655.000000	27.544018	4005	0.000000
281474976710655.000000	26.039272	4006	0.000000
281474976710655.000000	28.901148	4007	0.000000
281474976710655.000000	26.662727	4008	0.000000
281474976710655.000000	25.614975	4009	0.000000
281474976710655.000000	24.853600	4010	0.000000
281474976710655.000000	26.774906	4011	0.000000
281474976710655.000000	27.049603	4012	0.000000
281474976710655.000000	26.641117	4013	0.000000
281474976710655.000000	24.540489	4014	0.000000
281474976710655.000000	27.891775	4015	0.000000
281474976710655.000000	25.553179	4016	0.000000
281474976710655.000000	27.612654	4017	0.000000
281474976710655.000000	24.905508	4018	0.000000
281474976710655.000000	25.670164	4019	0.000000
281474976710655.000000	24.235542	4020	0.000000
281474976710655.000000	27.086235	4021	0.000000
281474976710655.000000	25.267239	4022	0.000000
281474976710655.000000	28.183512	4023	0.000000
281474976710655.000000	26.133478	4024	0.000000
281474976710655.000000	25.648455	4025	0.000000
281474976710655.000000	25.789648	4026	0.000000
281474976710655.000000	27.527861	4027	0.000000
281474976710655.000000	25.849407	4028	0.000000
281474976710655.000000	25.436037	4029	0.000000
281474976710655.000000	26.416376	4030	0.000000
281474976710655.000000	26.017323	4031	0.000000
281474976710655.000000	25.356834	4032	0.000000
281474976710655.000000	25.998260	4033	0.000000
281474976710655.000000	24.746254	4034	0.000000
281474976710655.000000	24.792694	4035	0.000000
281474976710655.000000	23.772633	4036	0.000000
281474976710655.000000	25.781792	4037	0.000000
281474976710655.000000	23.465208	4038	0.000000
281474976710655.000000	26.782404	4039	0.000000
281474976710655.000000	24.800570	4040	0.000000
281474976710655.000000	25.609222	4041	0.000000
281474976710655.000000	25.354837	4042	0.000000
281474976710655.000000	25.983932	4043	0.000000
281474976710655.000000	25.441877	4044	0.000000
281474976710655.000000	25.637604	4045	0.000000
281474976710655.000000	25.248848	4046	0.000000
281474976710655.000000	24.466766	4047	0.000000
281474976710655.000000	24.527172	4048	0.000000
281474976710655.000000	23.922663	4049	0.000000
281474976710655.000000	23.348846	4050	0.000000
281474976710655.000000	24.070204	4051	0.000000
281474976710655.000000	25.350172	4052	0.000000
281474976710655.000000	25.155439	4053	0.000000
281474976710655.000000	25.785883	4054	0.000000
281474976710655.000000	25.417921	4055	0.000000
281474976710655.000000	24.136438	4056	0.000000
281474976710655.000000	26.998198	4057	0.000000
281474976710655.000000	24.362049	4058	0.000000
281474976710655.000000	24.982077	4059	0.000000
281474976710655.000000	23.083843	4060	0.000000
281474976710655.000000	23.762905	4061	0.000000
281474976710655.000000	23.707811	4062	0.000000
281474976710655.000000	25.896498	4063	0.000000
281474976710655.000000	24.766645	4064	0.000000
281474976710655.000000	24.983387	4065	0.000000
281474976710655.000000	24.014149	4066	0.000000
281474976710655.000000	23.784122	4067	0.000000
281474976710655.000000	23.006201	4068	0.000000
281474976710655.000000	23.960827	4069	0.000000
281474976710655.000000	26.887283	4070	0.000000
281474976710655.000000	24.637585	4071	0.000000
281474976710655.000000	24.183779	4072	0.000000
281474976710655.000000	24.681044	4073	0.000000
281474976710655.000000	24.490417	4074	0.000000
281474976710655.000000	25.050110	4075	0.000000
281474976710655.000000	23.369978	4076	0.000000
281474976710655.000000	25.531094	4077	0.000000
281474976710655.000000	22.488743	4078	0.000000
281474976710655.000000	24.504425	4079	0.000000
281474976710655.000000	22.423166	4080	0.000000
281474976710655.000000	26.190264	4081	0.000000
281474976710655.000000	24.413147	4082	0.000000
281474976710655.000000	23.755169	4083	0.000000
281474976710655.000000	23.076912	4084	0.000000
281474976710655.000000	23.511642	4085	0.000000
281474976710655.000000	23.075027	4086	0.000000
281474976710655.000000	25.417999	4087	0.000000
281474976710655.000000	24.101706	4088	0.000000
281474976710655.000000	23.266672	4089	0.000000
281474976710655.000000	23.344109	4090	0.000000
281474976710655.000000	26.239491	4091	0.000000
281474976710655.000000	22.459557	4092	0.000000
281474976710655.000000	24.170723	4093	0.000000
281474976710655.000000	24.519367	4094	0.000000
281474976710655.000000	25.045738	4095	0.000000
281474976710655.000000	23.687813	4096	0.000000
281474976710655.000000	23.900881	4097	0.000000
281474976710655.000000	23.123396	4098	0.000000
281474976710655.000000	23.700977	4099	0.000000
281474976710655.000000	22.086128	4100	0.000000
281474976710655.000000	24.949116	4101	0.000000
281474976710655.000000	22.423092	4102	0.000000
281474976710655.000000	24.576162	4103	0.000000
281474976710655.000000	23.016964	4104	0.000000
281474976710655.000000	25.493881	4105	0.000000
281474976710655.000000	23.834993	4106	0.000000
281474976710655.000000	23.433048	4107	0.000000
281474976710655.000000	22.950163	4108	0.000000
281474976710655.000000	23.410263	4109	0.000000
281474976710655.000000	22.615780	4110	0.000000
281474976710655.000000	23.915398	4111	0.000000
281474976710655.000000	24.168398	4112	0.000000
281474976710655.000000	23.515911	4113	0.000000
281474976710655.000000	23.013105	4114	0.000000
281474976710655.000000	24.097267	4115	0.000000
281474976710655.000000	22.876270	4116	0.000000
281474976710655.000000	25.095524	4117	0.000000
281474976710655.000000	22.549320	4118	0.000000
281474976710655.000000	23.115522	4119	0.000000
281474976710655.000000	23.903038	4120	0.000000
281474976710655.000000	21.724991	4121	0.000000
281474976710655.000000	22.830048	4122	0.000000
281474976710655.000000	23.248558	4123	0.000000
281474976710655.000000	22.528551	4124	0.000000
281474976710655.000000	23.539732	4125	0.000000
281474976710655.000000	24.631899	4126	0.000000
281474976710655.000000	22.673374	4127	0.000000
281474976710655.000000	22.539236	4128	0.000000
281474976710655.000000	23.121105	4129	0.000000
281474976710655.000000	21.855085	4130	0.000000
281474976710655.000000	23.074512	4131	0.000000
281474976710655.000000	22.429087	4132	0.000000
281474976710655.000000	24.222168	4133	0.000000
281474976710655.000000	22.254810	4134	0.000000
281474976710655.000000	23.813053	4135	0.000000
281474976710655.000000	22.872349	4136	0.000000
281474976710655.000000	23.643974	4137	0.000000
281474976710655.000000	22.337181	4138	0.000000
281474976710655.000000	24.769344	4139	0.000000
281474976710655.000000	22.112173	4140	0.000000
281474976710655.000000	22.602058	4141	0.000000
281474976710655.000000	21.648678	4142	0.000000
281474976710655.000000	22.897261	4143	0.000000
281474976710655.000000	21.737059	4144	0.000000
281474976710655.000000	23.339062	4145	0.000000
281474976710655.000000	21.643656	4146	0.000000
281474976710655.000000	24.373920	4147	0.000000
281474976710655.000000	21.496008	4148	0.000000
281474976710655.000000	23.694712	4149	0.000000
281474976710655.000000	20.659883	4150	0.000000
281474976710655.000000	22.518728	4151	0.000000
281474976710655.000000	20.715014	4152	0.000000
281474976710655.000000	24.239077	4153	0.000000
281474976710655.000000	21.177786	4154	0.000000
281474976710655.000000	22.945892	4155	0.000000
281474976710655.000000	21.633972	4156	0.000000
281474976710655.000000	21.413664	4157	0.000000
281474976710655.000000	21.433416	4158	0.000000
281474976710655.000000	24.093685	4159	0.000000
281474976710655.000000	21.429296	4160	0.000000
281474976710655.000000	21.757177	4161	0.000000
281474976710655.000000	22.370537	4162	0.000000
281474976710655.000000	22.014896	4163	0.000000
281474976710655.000000	20.838272	4164	0.000000
281474976710655.000000	22.589605	4165	0.000000
281474976710655.000000	20.959520	4166	0.000000
281474976710655.000000	22.270405	4167	0.000000
281474976710655.000000	20.875460	4168	0.000000
281474976710655.000000	22.146357	4169	0.000000
281474976710655.000000	21.417751	4170	0.000000
281474976710655.000000	22.785307	4171	0.000000
281474976710655.000000	21.160963	4172	0.000000
281474976710655.000000	21.713026	4173	0.000000
281474976710655.000000	20.735538	4174	0.000000
281474976710655.000000	22.424101	4175	0.000000
281474976710655.000000	21.759514	4176	0.000000
281474976710655.000000	22.507814	4177	0.000000
281474976710655.000000	21.759220	4178	0.000000
281474976710655.000000	21.699917	4179	0.000000
281474976710655.000000	21.428289	4180	0.000000
281474976710655.000000	21.737127	4181	0.000000
281474976710655.000000	21.322548	4182	0.000000
281474976710655.000000	21.657310	4183	0.000000
281474976710655.000000	20.518305	4184	0.000000
281474976710655.000000	22.299433	4185	0.000000
281474976710655.000000	20.999641	4186	0.000000
281474976710655.000000	22.171801	4187	0.000000
281474976710655.000000	21.801258	4188	0.000000
281474976710655.000000	21.074543	4189	0.000000
281474976710655.000000	21.801573	4190	0.000000
281474976710655.000000	21.951061	4191	0.000000
281474976710655.000000	21.178761	4192	0.000000
281474976710655.000000	21.260719	4193	0.000000
281474976710655.000000	20.800356	4194	0.000000
281474976710655.000000	22.672850	4195	0.000000
281474976710655.000000	19.769739	4196	0.000000
281474976710655.000000	22.060453	4197	0.000000
281474976710655.000000	20.900415	4198	0.000000
281474976710655.000000	21.288994	4199	0.000000
281474976710655.000000	20.052843	4200	0.000000
281474976710655.000000	20.795237	4201	0.000000
281474976710655.000000	20.914078	4202	0.000000
281474976710655.000000	21.771626	4203	0.000000
281474976710655.000000	19.534845	4204	0.000000
281474976710655.000000	21.880753	4205	0.000000
281474976710655.000000	19.471516	4206	0.000000
281474976710655.000000	21.413637	4207	0.000000
281474976710655.000000	19.923643	4208	0.000000
281474976710655.000000	21.446945	4209	0.000000
281474976710655.000000	19.070513	4210	0.000000
281474976710655.000000	21.206217	4211	0.000000
281474976710655.000000	19.566786	4212	0.000000
281474976710655.000000	20.582111	4213	0.000000
281474976710655.000000	20.168074	4214	0.000000
281474976710655.000000	21.551477	4215	0.000000
281474976710655.000000	18.829458	4216	0.000000
281474976710655.000000	21.884672	4217	0.000000
281474976710655.000000	20.365982	4218	0.000000
281474976710655.000000	21.220217	4219	0.000000
281474976710655.000000	19.822363	4220	0.000000
281474976710655.000000	20.861685	4221	0.000000
281474976710655.000000	19.829741	4222	0.000000
281474976710655.000000	21.021524	4223	0.000000
281474976710655.000000	19.693855	4224	0.000000
281474976710655.000000	20.607635	4225	0.000000
281474976710655.000000	18.913843	4226	0.000000
281474976710655.000000	20.681673	4227	0.000000
281474976710655.000000	19.355227	4228	0.000000
281474976710655.000000	20.352478	4229	0.000000
281474976710655.000000	19.824926	4230	0.000000
281474976710655.000000	20.659918	4231	0.000000
281474976710655.000000	19.586765	4232	0.000000
281474976710655.000000	20.995983	4233	0.000000
281474976710655.000000	19.099560	4234	0.000000
281474976710655.000000	20.463228	4235	0.000000
281474976710655.000000	19.241224	4236	0.000000
281474976710655.000000	21.210066	4237	0.000000
281474976710655.000000	19.008362	4238	0.000000
281474976710655.000000	20.481760	4239	0.000000
281474976710655.000000	19.226030	4240	0.000000
281474976710655.000000	19.499083	4241	0.000000
281474976710655.000000	19.681282	4242	0.000000
281474976710655.000000	20.310495	4243	0.000000
281474976710655.000000	18.606592	4244	0.000000
281474976710655.000000	19.869513	4245	0.000000
281474976710655.000000	18.965117	4246	0.000000
281474976710655.000000	19.915783	4247	0.000000
281474976710655.000000	18.397985	4248	0.000000
281474976710655.000000	20.803377	4249	0.000000
281474976710655.000000	19.293661	4250	0.000000
281474976710655.000000	20.525969	4251	0.000000
281474976710655.000000	18.774973	4252	0.000000
281474976710655.000000	20.520950	4253	0.000000
281474976710655.000000	18.035427	4254	0.000000
281474976710655.000000	19.803303	4255	0.000000
281474976710655.000000	18.830812	4256	0.000000
281474976710655.000000	20.032005	4257	0.000000
281474976710655.000000	18.612112	4258	0.000000
281474976710655.000000	19.646790	4259	0.000000
281474976710655.000000	18.676386	4260	0.000000
281474976710655.000000	19.064991	4261	0.000000
281474976710655.000000	18.664938	4262	0.000000
281474976710655.000000	19.948298	4263	0.000000
281474976710655.000000	19.212002	4264	0.000000
281474976710655.000000	19.730078	4265	0.000000
281474976710655.000000	18.372843	4266	0.000000
281474976710655.000000	18.686035	4267	0.000000
281474976710655.000000	18.363792	4268	0.000000
281474976710655.000000	18.970217	4269	0.000000
281474976710655.000000	18.922270	4270	0.000000
281474976710655.000000	19.497959	4271	0.000000
281474976710655.000000	18.221437	4272	0.000000
281474976710655.000000	20.058399	4273	0.000000
281474976710655.000000	18.102106	4274	0.000000
281474976710655.000000	19.704475	4275	0.000000
281474976710655.000000	18.379972	4276	0.000000
281474976710655.000000	18.687557	4277	0.000000
281474976710655.000000	18.814537	4278	0.000000
281474976710655.000000	19.862904	4279	0.000000
281474976710655.000000	18.074163	4280	0.000000
281474976710655.000000	19.361155	4281	0.000000
281474976710655.000000	18.384991	4282	0.000000
281474976710655.000000	19.218597	4283	0.000000
281474976710655.000000	18.091358	4284	0.000000
281474976710655.000000	19.192648	4285	0.000000
281474976710655.000000	17.911604	4286	0.000000
281474976710655.000000	19.106129	4287	0.000000
281474976710655.000000	17.446115	4288	0.000000
281474976710655.000000	19.134686	4289	0.000000
281474976710655.000000	17.978552	4290	0.000000
281474976710655.000000	18.423805	4291	0.000000
281474976710655.000000	17.407650	4292	0.000000
281474976710655.000000	18.215328	4293	0.000000
281474976710655.000000	17.637758	4294	0.000000
281474976710655.000000	18.912275	4295	0.000000
281474976710655.000000	18.011652	4296	0.000000
281474976710655.000000	19.174301	4297	0.000000
281474976710655.000000	17.730188	4298	0.000000
281474976710655.000000	19.112865	4299	0.000000
281474976710655.000000	17.683598	4300	0.000000
281474976710655.000000	18.533272	4301	0.000000
281474976710655.000000	17.316994	4302	0.000000
281474976710655.000000	18.118334	4303	0.000000
281474976710655.000000	17.452183	4304	0.000000
281474976710655.000000	18.239014	4305	0.000000
281474976710655.000000	17.675961	4306	0.000000
281474976710655.000000	18.678574	4307	0.000000
281474976710655.000000	17.395519	4308	0.000000
281474976710655.000000	18.896515	4309	0.000000
281474976710655.000000	16.872498	4310	0.000000
281474976710655.000000	18.605837	4311	0.000000
281474976710655.000000	17.233740	4312	0.000000
281474976710655.000000	18.614361	4313	0.000000
281474976710655.000000	17.852444	4314	0.000000
281474976710655.000000	17.467993	4315	0.000000
281474976710655.000000	16.964157	4316	0.000000
281474976710655.000000	18.256775	4317	0.000000
281474976710655.000000	17.300575	4318	0.000000
281474976710655.000000	18.516245	4319	0.000000
281474976710655.000000	16.961432	4320	0.000000
281474976710655.000000	18.423063	4321	0.000000
281474976710655.000000	17.101116	4322	0.000000
281474976710655.000000	17.706844	4323	0.000000
281474976710655.000000	17.423006	4324	0.000000
281474976710655.000000	17.724524	4325	0.000000
281474976710655.000000	17.571888	4326	0.000000
281474976710655.000000	18.478497	4327	0.000000
281474976710655.000000	17.206171	4328	0.000000
281474976710655.000000	17.912739	4329	0.000000
281474976710655.000000	17.361261	4330	0.000000
281474976710655.000000	17.632561	4331	0.000000
281474976710655.000000	16.658251	4332	0.000000
281474976710655.000000	17.837772	4333	0.000000
281474976710655.000000	16.911669	4334	0.000000
281474976710655.000000	17.669535	4335	0.000000
281474976710655.000000	16.557056	4336	0.000000
281474976710655.000000	18.013027	4337	0.000000
281474976710655.000000	17.040075	4338	0.000000
281474976710655.000000	18.220411	4339	0.000000
281474976710655.000000	16.403442	4340	0.000000
281474976710655.000000	18.091505	4341	0.000000
281474976710655.000000	16.869078	4342	0.000000
281474976710655.000000	17.579039	4343	0.000000
281474976710655.000000	16.404022	4344	0.000000
281474976710655.000000	18.011570	4345	0.000000
281474976710655.000000	16.724966	4346	0.000000
281474976710655.000000	17.974407	4347	0.000000
281474976710655.000000	16.445494	4348	0.000000
281474976710655.000000	17.933897	4349	0.000000
281474976710655.000000	17.233517	4350	0.000000
281474976710655.000000	17.303482	4351	0.000000
281474976710655.000000	16.475796	4352	0.000000
281474976710655.000000	18.335636	4353	0.000000
281474976710655.000000	16.128986	4354	0.000000
281474976710655.000000	17.829870	4355	0.000000
281474976710655.000000	16.418810	4356	0.000000
281474976710655.000000	17.800264	4357	0.000000
281474976710655.000000	16.079302	4358	0.000000
281474976710655.000000	17.878374	4359	0.000000
281474976710655.000000	16.380987	4360	0.000000
281474976710655.000000	17.289433	4361	0.000000
281474976710655.000000	16.798067	4362	0.000000
281474976710655.000000	17.422626	4363	0.000000
281474976710655.000000	16.195946	4364	0.000000
281474976710655.000000	17.177658	4365	0.000000
281474976710655.000000	16.204935	4366	0.000000
281474976710655.000000	16.909250	4367	0.000000
281474976710655.000000	16.020098	4368	0.000000
281474976710655.000000	17.242989	4369	0.000000
281474976710655.000000	15.851513	4370	0.000000
281474976710655.000000	17.206036	4371	0.000000
281474976710655.000000	15.963984	4372	0.000000
281474976710655.000000	16.763941	4373	0.000000
281474976710655.000000	16.248201	4374	0.000000
281474976710655.000000	16.963835	4375	0.000000
281474976710655.000000	16.727415	4376	0.000000
281474976710655.000000	16.808767	4377	0.000000
281474976710655.000000	16.565365	4378	0.000000
281474976710655.000000	16.486738	4379	0.000000
281474976710655.000000	15.932607	4380	0.000000
281474976710655.000000	16.366087	4381	0.000000
281474976710655.000000	15.755894	4382	0.000000
281474976710655.000000	16.215384	4383	0.000000
281474976710655.000000	16.208830	4384	0.000000
281474976710655.000000	16.256746	4385	0.000000
281474976710655.000000	15.664237	4386	0.000000
281474976710655.000000	16.584057	4387	0.000000
281474976710655.000000	15.900562	4388	0.000000
281474976710655.000000	16.047848	4389	0.000000
281474976710655.000000	16.318544	4390	0.000000
281474976710655.000000	16.577614	4391	0.000000
281474976710655.000000	15.431691	4392	0.000000
281474976710655.000000	16.365532	4393	0.000000
281474976710655.000000	15.722497	4394	0.000000
281474976710655.000000	16.223766	4395	0.000000
281474976710655.000000	15.819829	4396	0.000000
281474976710655.000000	16.550949	4397	0.000000
281474976710655.000000	15.529140	4398	0.000000
281474976710655.000000	16.317766	4399	0.000000
281474976710655.000000	16.040138	4400	0.000000
281474976710655.000000	16.224100	4401	0.000000
281474976710655.000000	15.535315	4402	0.000000
281474976710655.000000	16.322327	4403	0.000000
281474976710655.000000	15.537217	4404	0.000000
281474976710655.000000	16.312952	4405	0.000000
281474976710655.000000	15.750777	4406	0.000000
281474976710655.000000	16.705246	4407	0.000000
281474976710655.000000	15.872258	4408	0.000000
281474976710655.000000	16.088337	4409	0.000000
281474976710655.000000	15.043778	4410	0.000000
281474976710655.000000	16.307220	4411	0.000000
281474976710655.000000	15.244298	4412	0.000000
281474976710655.000000	16.441936	4413	0.000000
281474976710655.000000	14.716398	4414	0.000000
281474976710655.000000	16.602549	4415	0.000000
281474976710655.000000	14.949379	4416	0.000000
281474976710655.000000	16.231543	4417	0.000000
281474976710655.000000	14.997560	4418	0.000000
281474976710655.000000	16.518642	4419	0.000000
281474976710655.000000	14.839969	4420	0.000000
281474976710655.000000	15.986064	4421	0.000000
281474976710655.000000	15.124158	4422	0.000000
281474976710655.000000	15.950683	4423	0.000000
281474976710655.000000	14.662784	4424	0.000000
281474976710655.000000	16.142040	4425	0.000000
281474976710655.000000	15.165847	4426	0.000000
281474976710655.000000	16.005732	4427	0.000000
281474976710655.000000	14.762003	4428	0.000000
281474976710655.000000	15.880816	4429	0.000000
281474976710655.000000	14.736053	4430	0.000000
281474976710655.000000	15.975732	4431	0.000000
281474976710655.000000	14.491836	4432	0.000000
281474976710655.000000	16.117308	4433	0.000000
281474976710655.000000	15.180970	4434	0.000000
281474976710655.000000	15.831234	4435	0.000000
281474976710655.000000	14.530641	4436	0.000000
281474976710655.000000	15.432351	4437	0.000000
281474976710655.000000	14.444500	4438	0.000000
281474976710655.000000	15.445788	4439	0.000000
281474976710655.000000	14.518441	4440	0.000000
281474976710655.000000	15.594782	4441	0.000000
281474976710655.000000	14.827510	4442	0.000000
281474976710655.000000	15.559410	4443	0.000000
281474976710655.000000	15.149936	4444	0.000000
281474976710655.000000	15.433728	4445	0.000000
281474976710655.000000	14.799737	4446	0.000000
281474976710655.000000	15.361737	4447	0.000000
281474976710655.000000	14.060977	4448	0.000000
281474976710655.000000	15.275572	4449	0.000000
281474976710655.000000	14.389433	4450	0.000000
281474976710655.000000	15.565989	4451	0.000000
281474976710655.000000	14.318439	4452	0.000000
281474976710655.000000	15.391414	4453	0.000000
281474976710655.000000	14.409676	4454	0.000000
281474976710655.000000	15.490565	4455	0.000000
281474976710655.000000	14.488820	4456	0.000000
281474976710655.000000	15.540341	4457	0.000000
281474976710655.000000	14.564397	4458	0.000000
281474976710655.000000	15.199133	4459	0.000000
281474976710655.000000	14.509627	4460	0.000000
281474976710655.000000	15.335562	4461	0.000000
281474976710655.000000	14.363284	4462	0.000000
281474976710655.000000	15.251791	4463	0.000000
281474976710655.000000	14.896874	4464	0.000000
281474976710655.000000	15.553201	4465	0.000000
281474976710655.000000	13.999776	4466	0.000000
281474976710655.000000	15.518964	4467	0.000000
281474976710655.000000	14.376681	4468	0.000000
281474976710655.000000	14.764788	4469	0.000000
281474976710655.000000	14.288596	4470	0.000000
281474976710655.000000	15.053588	4471	0.000000
281474976710655.000000	14.093057	4472	0.000000
281474976710655.000000	15.319214	4473	0.000000
281474976710655.000000	14.211683	4474	0.000000
281474976710655.000000	15.466457	4475	0.000000
281474976710655.000000	14.186153	4476	0.000000
281474976710655.000000	15.137691	4477	0.000000
281474976710655.000000	13.863874	4478	0.000000
281474976710655.000000	15.186337	4479	0.000000
281474976710655.000000	14.093661	4480	0.000000
281474976710655.000000	14.876634	4481	0.000000
281474976710655.000000	13.794287	4482	0.000000
281474976710655.000000	14.949793	4483	0.000000
281474976710655.000000	14.394193	4484	0.000000
281474976710655.000000	15.122678	4485	0.000000
281474976710655.000000	13.585441	4486	0.000000
281474976710655.000000	15.100080	4487	0.000000
281474976710655.000000	13.879070	4488	0.000000
281474976710655.000000	14.815798	4489	0.000000
281474976710655.000000	13.891602	4490	0.000000
281474976710655.000000	15.412961	4491	0.000000
281474976710655.000000	13.856481	4492	0.000000
281474976710655.000000	15.272598	4493	0.000000
281474976710655.000000	13.852076	4494	0.000000
281474976710655.000000	14.905074	4495	0.000000
281474976710655.000000	13.562598	4496	0.000000
281474976710655.000000	14.770308	4497	0.000000
281474976710655.000000	13.264047	4498	0.000000
281474976710655.000000	14.669122	4499	0.000000
281474976710655.000000	13.788571	4500	0.000000
281474976710655.000000	14.774407	4501	0.000000
281474976710655.000000	13.307534	4502	0.000000
281474976710655.000000	14.801732	4503	0.000000
281474976710655.000000	13.074642	4504	0.000000
281474976710655.000000	14.366735	4505	0.000000
281474976710655.000000	13.263679	4506	0.000000
281474976710655.000000	14.605487	4507	0.000000
281474976710655.000000	13.526535	4508	0.000000
281474976710655.000000	14.740142	4509	0.000000
281474976710655.000000	13.715608	4510	0.000000
281474976710655.000000	14.345876	4511	0.000000
281474976710655.000000	13.556501	4512	0.000000
281474976710655.000000	14.519003	4513	0.000000
281474976710655.000000	13.496171	4514	0.000000
281474976710655.000000	14.414279	4515	0.000000
281474976710655.000000	13.215251	4516	0.000000
281474976710655.000000	14.428256	4517	0.000000
281474976710655.000000	13.308887	4518	0.000000
281474976710655.000000	14.143739	4519	0.000000
281474976710655.000000	13.337127	4520	0.000000
281474976710655.000000	14.074821	4521	0.000000
281474976710655.000000	13.131779	4522	0.000000
281474976710655.000000	14.179790	4523	0.000000
281474976710655.000000	12.970795	4524	0.000000
281474976710655.000000	14.344948	4525	0.000000
281474976710655.000000	13.369619	4526	0.000000
281474976710655.000000	14.376502	4527	0.000000
281474976710655.000000	13.696139	4528	0.000000
281474976710655.000000	13.557858	4529	0.000000
281474976710655.000000	13.466244	4530	0.000000
281474976710655.000000	13.898102	4531	0.000000
281474976710655.000000	13.504727	4532	0.000000
281474976710655.000000	14.176929	4533	0.000000
281474976710655.000000	12.902379	4534	0.000000
281474976710655.000000	13.501095	4535	0.000000
281474976710655.000000	13.262826	4536	0.000000
281474976710655.000000	13.751972	4537	0.000000
281474976710655.000000	13.331773	4538	0.000000
281474976710655.000000	13.932102	4539	0.000000
281474976710655.000000	12.825389	4540	0.000000
281474976710655.000000	13.860491	4541	0.000000
281474976710655.000000	13.235895	4542	0.000000
281474976710655.000000	13.440853	4543	0.000000
281474976710655.000000	13.171241	4544	0.000000
281474976710655.000000	13.643567	4545	0.000000
281474976710655.000000	12.904454	4546	0.000000
281474976710655.000000	13.572618	4547	0.000000
281474976710655.000000	13.088227	4548	0.000000
281474976710655.000000	14.125759	4549	0.000000
281474976710655.000000	12.901897	4550	0.000000
281474976710655.000000	14.133349	4551	0.000000
281474976710655.000000	12.840642	4552	0.000000
281474976710655.000000	14.186264	4553	0.000000
281474976710655.000000	12.778310	4554	0.000000
281474976710655.000000	14.216853	4555	0.000000
281474976710655.000000	13.140296	4556	0.000000
281474976710655.000000	13.673303	4557	0.000000
281474976710655.000000	12.630025	4558	0.000000
281474976710655.000000	13.914735	4559	0.000000
281474976710655.000000	12.761231	4560	0.000000
281474976710655.000000	13.806333	4561	0.000000
281474976710655.000000	12.580873	4562	0.000000
281474976710655.000000	13.249327	4563	0.000000
281474976710655.000000	12.561944	4564	0.000000
281474976710655.000000	13.498668	4565	0.000000
281474976710655.000000	12.524045	4566	0.000000
281474976710655.000000	13.376129	4567	0.000000
281474976710655.000000	12.866281	4568	0.000000
281474976710655.000000	13.368435	4569	0.000000
281474976710655.000000	12.481976	4570	0.000000
281474976710655.000000	13.694621	4571	0.000000
281474976710655.000000	12.598892	4572	0.000000
281474976710655.000000	13.396796	4573	0.000000
281474976710655.000000	12.656131	4574	0.000000
281474976710655.000000	13.673444	4575	0.000000
281474976710655.000000	12.449711	4576	0.000000
281474976710655.000000	13.165284	4577	0.000000
281474976710655.000000	12.335383	4578	0.000000
281474976710655.000000	13.075844	4579	0.000000
281474976710655.000000	12.727030	4580	0.000000
281474976710655.000000	13.643829	4581	0.000000
281474976710655.000000	12.313852	4582	0.000000
281474976710655.000000	13.031885	4583	0.000000
281474976710655.000000	12.122430	4584	0.000000
281474976710655.000000	13.536126	4585	0.000000
281474976710655.000000	12.593988	4586	0.000000
281474976710655.000000	13.541219	4587	0.000000
281474976710655.000000	12.636051	4588	0.000000
281474976710655.000000	12.820216	4589	0.000000
281474976710655.000000	12.166929	4590	0.000000
281474976710655.000000	12.922464	4591	0.000000
281474976710655.000000	11.984177	4592	0.000000
281474976710655.000000	13.297699	4593	0.000000
281474976710655.000000	12.206066	4594	0.000000
281474976710655.000000	12.862942	4595	0.000000
281474976710655.000000	12.567498	4596	0.000000
281474976710655.000000	12.894478	4597	0.000000
281474976710655.000000	11.954741	4598	0.000000
281474976710655.000000	12.888465	4599	0.000000
281474976710655.000000	12.287776	4600	0.000000
281474976710655.000000	13.293665	4601	0.000000
281474976710655.000000	12.079002	4602	0.000000
281474976710655.000000	13.160908	4603	0.000000
281474976710655.000000	12.113870	4604	0.000000
281474976710655.000000	12.799814	4605	0.000000
281474976710655.000000	11.993620	4606	0.000000
281474976710655.000000	12.940818	4607	0.000000
281474976710655.000000	12.245546	4608	0.000000
281474976710655.000000	12.770938	4609	0.000000
281474976710655.000000	12.214076	4610	0.000000
281474976710655.000000	12.674522	4611	0.000000
281474976710655.000000	12.145453	4612	0.000000
281474976710655.000000	12.662392	4613	0.000000
281474976710655.000000	12.153596	4614	0.000000
281474976710655.000000	12.659690	4615	0.000000
281474976710655.000000	12.018071	4616	0.000000
281474976710655.000000	13.242920	4617	0.000000
281474976710655.000000	12.148950	4618	0.000000
281474976710655.000000	12.691967	4619	0.000000
281474976710655.000000	11.900715	4620	0.000000
281474976710655.000000	12.240692	4621	0.000000
281474976710655.000000	12.071298	4622	0.000000
281474976710655.000000	12.721222	4623	0.000000
281474976710655.000000	11.953652	4624	0.000000
281474976710655.000000	12.524168	4625	0.000000
281474976710655.000000	12.027078	4626	0.000000
281474976710655.000000	12.434241	4627	0.000000
281474976710655.000000	12.210221	4628	0.000000
281474976710655.000000	12.613264	4629	0.000000
281474976710655.000000	11.810266	4630	0.000000
281474976710655.000000	12.440904	4631	0.000000
281474976710655.000000	11.843133	4632	0.000000
281474976710655.000000	12.555732	4633	0.000000
281474976710655.000000	11.987769	4634	0.000000
281474976710655.000000	12.753779	4635	0.000000
281474976710655.000000	11.642229	4636	0.000000
281474976710655.000000	12.084891	4637	0.000000
281474976710655.000000	11.708313	4638	0.000000
281474976710655.000000	12.267681	4639	0.000000
281474976710655.000000	11.827312	4640	0.000000
281474976710655.000000	12.590216	4641	0.000000
281474976710655.000000	11.751086	4642	0.000000
281474976710655.000000	12.266781	4643	0.000000
281474976710655.000000	11.710453	4644	0.000000
281474976710655.000000	12.741096	4645	0.000000
281474976710655.000000	11.544494	4646	0.000000
281474976710655.000000	12.399836	4647	0.000000
281474976710655.000000	11.644196	4648	0.000000
281474976710655.000000	12.585356	4649	0.000000
281474976710655.000000	11.759513	4650	0.000000
281474976710655.000000	12.306479	4651	0.000000
281474976710655.000000	11.648424	4652	0.000000
281474976710655.000000	12.399944	4653	0.000000
281474976710655.000000	11.303641	4654	0.000000
281474976710655.000000	12.366139	4655	0.000000
281474976710655.000000	11.359058	4656	0.000000
281474976710655.000000	12.386423	4657	0.000000
281474976710655.000000	11.575365	4658	0.000000
281474976710655.000000	12.651459	4659	0.000000
281474976710655.000000	11.143480	4660	0.000000
281474976710655.000000	12.280376	4661	0.000000
281474976710655.000000	11.354318	4662	0.000000
281474976710655.000000	12.414469	4663	0.000000
281474976710655.000000	11.289218	4664	0.000000
281474976710655.000000	12.219807	4665	0.000000
281474976710655.000000	11.318808	4666	0.000000
281474976710655.000000	12.201293	4667	0.000000
281474976710655.000000	11.343573	4668	0.000000
281474976710655.000000	12.208999	4669	0.000000
281474976710655.000000	11.447863	4670	0.000000
281474976710655.000000	12.146397	4671	0.000000
281474976710655.000000	11.152295	4672	0.000000
281474976710655.000000	12.178899	4673	0.000000
281474976710655.000000	11.167472	4674	0.000000
281474976710655.000000	11.871469	4675	0.000000
281474976710655.000000	11.254479	4676	0.000000
281474976710655.000000	11.988367	4677	0.000000
281474976710655.000000	11.164659	4678	0.000000
281474976710655.000000	11.923017	4679	0.000000
281474976710655.000000	11.332391	4680	0.000000
281474976710655.000000	11.574069	4681	0.000000
281474976710655.000000	11.088139	4682	0.000000
281474976710655.000000	11.700460	4683	0.000000
281474976710655.000000	11.222225	4684	0.000000
281474976710655.000000	12.071752	4685	0.000000
281474976710655.000000	11.349504	4686	0.000000
281474976710655.000000	11.435966	4687	0.000000
281474976710655.000000	11.131373	4688	0.000000
281474976710655.000000	11.737212	4689	0.000000
281474976710655.000000	11.231966	4690	0.000000
281474976710655.000000	11.717121	4691	0.000000
281474976710655.000000	11.174763	4692	0.000000
281474976710655.000000	11.657043	4693	0.000000
281474976710655.000000	11.168680	4694	0.000000
281474976710655.000000	11.587808	4695	0.000000
281474976710655.000000	11.088223	4696	0.000000
281474976710655.000000	11.606072	4697	0.000000
281474976710655.000000	11.089623	4698	0.000000
281474976710655.000000	11.401135	4699	0.000000
281474976710655.000000	11.128960	4700	0.000000
281474976710655.000000	11.572433	4701	0.000000
281474976710655.000000	11.252669	4702	0.000000
281474976710655.000000	11.482729	4703	0.000000
281474976710655.000000	10.976743	4704	0.000000
281474976710655.000000	11.234956	4705	0.000000
281474976710655.000000	11.287564	4706	0.000000
281474976710655.000000	11.569818	4707	0.000000
281474976710655.000000	10.996177	4708	0.000000
281474976710655.000000	11.393920	4709	0.000000
281474976710655.000000	10.924603	4710	0.000000
281474976710655.000000	11.406725	4711	0.000000
281474976710655.000000	11.159451	4712	0.000000
281474976710655.000000	11.422462	4713	0.000000
281474976710655.000000	10.986826	4714	0.000000
281474976710655.000000	11.395817	4715	0.000000
281474976710655.000000	11.130503	4716	0.000000
281474976710655.000000	11.091360	4717	0.000000
281474976710655.000000	10.877256	4718	0.000000
281474976710655.000000	11.367373	4719	0.000000
281474976710655.000000	10.856933	4720	0.000000
281474976710655.000000	11.092182	4721	0.000000
281474976710655.000000	10.886621	4722	0.000000
281474976710655.000000	11.345922	4723	0.000000
281474976710655.000000	10.668356	4724	0.000000
281474976710655.000000	11.235326	4725	0.000000
281474976710655.000000	10.828237	4726	0.000000
281474976710655.000000	11.114942	4727	0.000000
281474976710655.000000	10.621552	4728	0.000000
281474976710655.000000	11.324858	4729	0.000000
281474976710655.000000	10.812040	4730	0.000000
281474976710655.000000	11.304938	4731	0.000000
281474976710655.000000	10.618738	4732	0.000000
281474976710655.000000	11.139463	4733	0.000000
281474976710655.000000	10.624862	4734	0.000000
281474976710655.000000	10.977920	4735	0.000000
281474976710655.000000	10.669694	4736	0.000000
