num crossings	time (s)	maj axis (mm)	min axis (mm)	theta (rad )	slope (V/s)
3587	3880.149919	131.371469	-6.154235	-1.616456	48.254131
3589	3882.236220	131.060458	-6.222697	-1.617982	47.534787
3591	3884.322416	130.169947	-6.309277	-1.621576	47.897341
3593	3886.408196	130.710427	-6.307228	-1.621451	47.022654
3595	3888.494153	130.324288	-6.387454	-1.623488	46.628454
3597	3890.579945	130.344697	-6.366577	-1.625319	46.429725
3599	3892.665428	130.131532	-6.435459	-1.627213	45.913562
3601	3894.750784	129.825187	-6.430886	-1.630378	45.739836
3603	3896.836065	129.790989	-6.515000	-1.633720	47.765394
3605	3898.921227	130.022924	-6.516165	-1.638005	46.477091
3607	3901.006492	129.459531	-6.568955	-1.640696	47.377673
3609	3903.092359	129.019155	-6.580323	-1.642982	46.038296
3611	3905.178389	128.764885	-6.615614	-1.642827	46.038865
3613	3907.264941	128.656268	-6.640693	-1.642718	47.419472
3615	3909.351397	128.210768	-6.632274	-1.643322	46.086006
3617	3911.438041	128.263439	-6.691897	-1.643882	44.745024
3619	3913.524184	128.100779	-6.830602	-1.644743	46.381309
3621	3915.610397	128.044475	-6.800173	-1.647399	44.706963
3623	3917.696194	127.719550	-6.865563	-1.650050	46.076803
3625	3919.781947	127.389902	-6.942135	-1.652538	45.377987
3627	3921.867969	127.214385	-6.885569	-1.655817	45.104484
3629	3923.953383	127.205767	-6.963915	-1.657482	44.706031
3631	3926.038980	126.829473	-6.994488	-1.659195	45.155024
3633	3928.124099	126.520774	-7.011269	-1.661945	43.896245
3635	3930.209210	126.488929	-7.019286	-1.663807	44.622814
3637	3932.294266	126.247143	-7.076204	-1.666350	44.002713
3639	3934.379590	126.098525	-7.089446	-1.668966	43.740841
3641	3936.465149	126.143568	-7.163535	-1.671238	43.252266
3643	3938.550979	126.038679	-7.205409	-1.672433	44.495712
3645	3940.637450	125.754587	-7.266756	-1.673305	43.850602
3647	3942.723628	125.677327	-7.241883	-1.675204	42.082459
3649	3944.809793	125.539980	-7.315608	-1.676750	42.373108
3651	3946.896181	125.115794	-7.354497	-1.679150	43.056066
3653	3948.982158	124.989297	-7.357862	-1.681155	43.184249
3655	3951.067915	124.973654	-7.401707	-1.683081	42.981521
3657	3953.153572	124.759112	-7.438457	-1.685222	41.758743
3659	3955.238671	124.464329	-7.563854	-1.687454	41.809765
3661	3957.324344	124.226238	-7.540330	-1.690955	43.949869
3663	3959.409626	123.275590	-7.626747	-1.696685	41.594148
3665	3961.494838	123.854554	-7.560772	-1.697865	42.297227
3667	3963.579750	123.682251	-7.596613	-1.701193	42.383547
3669	3965.665273	123.278366	-7.613643	-1.704309	41.652961
3671	3967.751102	123.098982	-7.632451	-1.705667	42.737310
3673	3969.837232	122.831278	-7.641172	-1.706665	41.728239
3675	3971.923452	122.258214	-7.773950	-1.708523	42.479015
3677	3974.009932	122.580738	-7.724405	-1.706981	41.130751
3679	3976.096060	122.063628	-7.739524	-1.709882	41.542169
3681	3978.182084	122.210306	-7.765857	-1.710678	41.934845
3683	3980.267911	121.897791	-7.853783	-1.713896	41.732435
3685	3982.353730	121.716582	-7.864445	-1.715685	42.361267
3687	3984.439318	121.493278	-7.885019	-1.719302	41.179932
3689	3986.524928	121.424676	-7.957356	-1.720588	41.704250
3691	3988.610102	121.342131	-7.962810	-1.722739	40.511740
3693	3990.695284	120.964336	-7.974281	-1.726129	40.477950
3695	3992.780143	120.934639	-7.970233	-1.728904	40.788295
3697	3994.865173	120.842196	-8.020444	-1.731693	40.612807
3699	3996.950419	120.650672	-8.055195	-1.734837	40.304328
3701	3999.036037	120.605003	-8.111130	-1.736839	40.801718
3703	4001.121805	120.439251	-8.152099	-1.739209	39.942657
3705	4003.207857	120.225597	-8.157426	-1.741120	39.890064
3707	4005.294008	120.143439	-8.231974	-1.741986	39.592470
3709	4007.380097	119.934823	-8.218363	-1.744013	40.393189
3711	4009.466151	120.117827	-8.328237	-1.746252	38.879198
3713	4011.551853	119.692467	-8.266615	-1.747993	38.721392
3715	4013.637523	119.413979	-8.318600	-1.750171	38.897025
3717	4015.723119	119.314026	-8.328576	-1.752466	39.135352
3719	4017.808278	119.236637	-8.295065	-1.755460	39.477697
3721	4019.893634	119.016009	-8.335513	-1.759014	39.468361
3723	4021.978688	118.899805	-8.372894	-1.761897	38.051243
3725	4024.063889	118.793259	-8.357828	-1.765876	37.596972
3727	4026.149007	118.477198	-8.373017	-1.769865	38.376517
3729	4028.234620	117.995320	-8.442032	-1.772200	39.012555
3731	4030.320277	118.051783	-8.459907	-1.771749	38.701023
3733	4032.406108	117.891199	-8.406758	-1.773617	39.150210
3735	4034.492277	117.356111	-8.465331	-1.775580	38.535463
3737	4036.578426	117.134975	-8.466608	-1.777730	38.711741
3739	4038.664220	117.055652	-8.496811	-1.777851	38.285530
3741	4040.750130	116.814180	-8.536087	-1.781394	38.354505
3743	4042.835754	116.616006	-8.551092	-1.783120	38.111520
3745	4044.921253	116.338845	-8.562945	-1.787233	37.078544
3747	4047.006513	116.269405	-8.650158	-1.787963	38.965955
3749	4049.091753	116.078684	-8.612359	-1.791331	37.209472
3751	4051.176967	116.254737	-8.629600	-1.794148	37.686507
3753	4053.261968	115.804294	-8.671919	-1.796173	37.195968
3755	4055.346753	115.883484	-8.605035	-1.800257	37.582325
3757	4057.431881	115.821342	-8.697083	-1.801410	36.513339
3759	4059.517537	115.622092	-8.684887	-1.805598	37.376627
3761	4061.603138	115.243281	-8.731285	-1.808873	36.584391
3763	4063.688967	115.551286	-8.687941	-1.808980	36.198282
3765	4065.775044	115.243087	-8.761185	-1.810782	36.576485
3767	4067.861012	115.163245	-8.745212	-1.812730	35.720258
3769	4069.946778	114.865311	-8.773691	-1.815091	35.955917
3771	4072.032220	114.722322	-8.737924	-1.817923	36.539624
3773	4074.117973	114.632148	-8.781626	-1.819533	36.759350
3775	4076.203099	114.352078	-8.836013	-1.822642	35.933732
3777	4078.288318	114.374999	-8.771582	-1.825827	36.262180
3779	4080.373524	114.265644	-8.835225	-1.828197	36.390699
3781	4082.458618	114.017652	-8.893847	-1.832067	35.635371
3783	4084.543594	113.992879	-8.811569	-1.836381	35.586168
3785	4086.628805	113.810514	-8.839232	-1.838265	36.204074
3787	4088.713681	113.254744	-8.909368	-1.841674	35.866264
3789	4090.799568	113.026770	-8.900055	-1.843777	35.148035
3791	4092.885194	112.893062	-8.938682	-1.844638	35.475982
3793	4094.971222	112.455604	-8.986050	-1.847042	36.127347
3795	4097.057062	112.221347	-9.003305	-1.849074	36.207024
3797	4099.142907	112.034064	-9.037172	-1.850945	35.036143
3799	4101.228574	111.693371	-9.073770	-1.854638	36.438240
3801	4103.313983	111.496552	-9.069801	-1.858726	34.140857
3803	4105.399189	111.474891	-9.053219	-1.860029	34.966113
3805	4107.484427	111.326827	-9.086048	-1.862835	35.470841
3807	4109.569428	111.149161	-9.148784	-1.864061	33.933668
3809	4111.654332	111.074833	-9.144289	-1.867439	34.556385
3811	4113.739343	111.036075	-9.106280	-1.870449	34.825840
3813	4115.824345	110.964418	-9.146910	-1.873343	33.895000
3815	4117.909721	110.881514	-9.089058	-1.876491	33.927932
3817	4119.995266	110.966721	-9.106923	-1.876992	35.132852
3819	4122.080929	110.749562	-9.149055	-1.880051	34.293645
3821	4124.166799	110.676651	-9.137985	-1.882041	33.198709
3823	4126.252496	110.559750	-9.132605	-1.883708	32.572232
3825	4128.338149	110.418763	-9.112805	-1.886210	34.201084
3827	4130.423789	110.197359	-9.224636	-1.887494	33.187324
3829	4132.509155	109.999107	-9.185181	-1.890861	32.722619
3831	4134.594617	109.783834	-9.213110	-1.894821	32.659416
3833	4136.679881	109.761605	-9.209965	-1.897732	33.641944
3835	4138.764844	109.566203	-9.299135	-1.899098	33.474191
3837	4140.849430	109.382792	-9.260782	-1.904856	32.892047
3839	4142.934561	109.098629	-9.277780	-1.908044	33.059020
3841	4145.019479	108.866460	-9.264564	-1.912118	32.657881
3843	4147.104659	108.721451	-9.296285	-1.913483	32.309309
3845	4149.190219	108.260185	-9.355191	-1.917077	32.189630
3847	4151.275653	107.853108	-9.332924	-1.921169	33.523657
3849	4153.361507	107.685370	-9.402797	-1.920213	31.932783
3851	4155.447058	107.311886	-9.377967	-1.925029	32.527931
3853	4157.532910	107.036960	-9.393088	-1.929135	32.688371
3855	4159.618170	106.905237	-9.434281	-1.929885	31.574503
3857	4161.703489	106.708764	-9.402939	-1.934787	32.660743
3859	4163.788747	106.488468	-9.465624	-1.937129	32.353869
3861	4165.873866	106.327556	-9.456225	-1.942615	32.802090
3863	4167.958795	106.200146	-9.483101	-1.943550	32.064692
3865	4170.043725	106.120423	-9.468304	-1.945739	31.918217
3867	4172.128736	106.000860	-9.476784	-1.949932	31.690644
3869	4174.213680	106.212419	-9.470917	-1.947998	32.025250
3871	4176.298959	106.098914	-9.461239	-1.951188	31.822789
3873	4178.384330	106.121247	-9.409119	-1.953084	32.077681
3875	4180.469785	106.198877	-9.430536	-1.952275	31.485401
3877	4182.555626	105.906935	-9.462723	-1.956167	30.901230
3879	4184.641197	105.707718	-9.449274	-1.959078	30.910176
3881	4186.726716	105.695745	-9.449407	-1.959923	30.960030
3883	4188.812156	105.425598	-9.463642	-1.961978	30.871757
3885	4190.897389	105.347800	-9.459822	-1.965943	30.585510
3887	4192.982642	105.241733	-9.446510	-1.967556	29.765070
3889	4195.067774	105.074056	-9.440537	-1.971417	30.337080
3891	4197.152617	104.897869	-9.485762	-1.974223	31.382070
3893	4199.237565	105.083052	-9.505493	-1.977878	30.678276
3895	4201.322498	104.448472	-9.507878	-1.984343	30.376940
3897	4203.407562	104.127002	-9.518067	-1.988075	30.354090
3899	4205.492553	103.840628	-9.529204	-1.992463	30.262799
3901	4207.578011	103.376157	-9.587547	-1.995476	30.181088
3903	4209.663292	103.169617	-9.599309	-2.002023	30.467970
3905	4211.748720	103.019963	-9.589046	-2.007758	29.926752
3907	4213.834119	102.801866	-9.616457	-2.010361	30.380537
3909	4215.919677	102.575486	-9.633401	-2.013879	29.563216
3911	4218.005251	102.846617	-9.611877	-2.020083	29.856341
3913	4220.090274	102.614202	-9.624571	-2.024095	29.968178
3915	4222.175419	102.178895	-9.647791	-2.022007	29.388905
3917	4224.260294	102.265478	-9.632536	-2.026751	29.005887
3919	4226.344958	102.271615	-9.617017	-2.028781	30.438322
3921	4228.429915	102.802989	-9.680030	-2.038609	29.230215
3923	4230.514853	102.087723	-9.641849	-2.035651	29.748217
3927	4234.685348	101.738822	-9.623776	-2.030373	28.784361
3929	4236.770845	101.486564	-9.667044	-2.029483	29.259924
3931	4238.856383	101.583034	-9.635952	-2.032956	28.286733
3933	4240.941924	101.347978	-9.635826	-2.034029	28.750264
3935	4243.027439	101.175739	-9.645105	-2.035539	28.461540
3937	4245.112834	101.071983	-9.628516	-2.039943	28.592378
3939	4247.198096	100.853070	-9.653402	-2.042241	28.175493
3941	4249.283137	100.814452	-9.646666	-2.046004	27.831245
3943	4251.367967	100.676840	-9.652005	-2.048430	27.936406
3945	4253.452919	100.611536	-9.653000	-2.052178	27.675248
3947	4255.537841	100.410856	-9.688973	-2.054318	27.669918
3949	4257.622599	100.301988	-9.711040	-2.058187	27.554226
3951	4259.707572	100.129918	-9.728485	-2.062846	27.936554
3953	4261.792416	100.033350	-9.730878	-2.070118	28.002579
3955	4263.877525	99.767179	-9.747865	-2.073347	28.246538
3957	4265.962749	99.926200	-9.752876	-2.083732	27.783783
3959	4268.048193	99.927750	-9.741084	-2.086294	27.733958
3961	4270.133597	100.031647	-9.827111	-2.092836	28.365042
3963	4272.218800	99.845563	-9.810268	-2.094526	28.034841
3965	4274.303877	99.711780	-9.802808	-2.096720	28.093448
3967	4276.389466	99.595443	-9.840961	-2.100299	27.667388
3969	4278.474212	99.374397	-9.835843	-2.101884	28.108823
3971	4280.559303	99.352363	-9.829496	-2.104048	27.676628
3973	4282.643941	99.339747	-9.869426	-2.107179	27.577031
3975	4284.728950	99.252250	-9.883604	-2.109816	27.710668
3977	4286.814038	99.056921	-9.852132	-2.110855	27.459409
3979	4288.899091	98.879188	-9.829570	-2.112518	27.505733
3981	4290.984260	98.661841	-9.788581	-2.113789	26.956013
3983	4293.069617	98.378026	-9.755176	-2.111515	27.077975
3985	4295.155146	98.016280	-9.778986	-2.111884	26.587214
3987	4297.240575	97.923165	-9.771545	-2.114130	26.484235
3989	4299.325908	97.570975	-9.804184	-2.113735	27.065627
3991	4301.411237	97.420005	-9.799379	-2.116172	27.672961
3993	4303.496659	97.318821	-9.802055	-2.119853	26.724407
3995	4305.581704	97.278983	-9.792771	-2.122881	26.995170
3997	4307.666341	97.111682	-9.807062	-2.124865	26.264747
3999	4309.751336	97.147183	-9.795153	-2.128244	26.617470
4001	4311.835976	97.084447	-9.800396	-2.132047	26.853923
4003	4313.920717	97.070748	-9.818245	-2.138558	26.395494
4005	4316.005480	96.806477	-9.834030	-2.142804	26.234129
4007	4318.090543	96.974903	-9.821170	-2.147288	26.981839
4009	4320.175310	96.719874	-9.848022	-2.151004	26.283576
4011	4322.260552	96.737055	-9.870245	-2.155193	26.078924
4013	4324.345700	96.587592	-9.890589	-2.158203	25.565929
4015	4326.430885	96.477125	-9.892992	-2.160302	26.433860
4017	4328.516319	96.196654	-9.888551	-2.162519	25.611160
4019	4330.601451	96.123825	-9.858764	-2.163864	25.766769
4021	4332.686403	96.111957	-9.914435	-2.167137	26.098150
4023	4334.771411	95.920573	-9.924902	-2.169823	25.235111
4025	4336.856493	95.815013	-9.895792	-2.171540	24.860792
4027	4338.941274	95.881201	-9.939616	-2.174518	25.387088
4029	4341.026119	95.769158	-9.969432	-2.177702	24.698823
4031	4343.111079	95.717457	-9.937370	-2.179617	25.402871
4033	4345.196215	95.646024	-9.956710	-2.182008	25.155246
4035	4347.281672	95.195646	-9.905710	-2.182921	24.714173
4037	4349.367078	95.222865	-9.905011	-2.184464	25.846995
4039	4351.452241	94.762300	-9.881391	-2.184811	24.704958
4041	4353.537636	94.686780	-9.899805	-2.186748	25.032514
4043	4355.622704	94.374091	-9.881155	-2.187737	25.098543
4045	4357.708294	94.296191	-9.883781	-2.189558	25.404184
4047	4359.793217	94.149140	-9.906680	-2.192320	24.815207
4049	4361.878133	93.890055	-9.908368	-2.193673	25.364892
4051	4363.963059	93.987564	-9.926506	-2.197547	25.320556
4053	4366.047726	93.923360	-9.927511	-2.201036	24.758336
4055	4368.132507	93.848725	-9.930364	-2.203728	25.526660
4057	4370.216938	93.734784	-9.943785	-2.208147	24.324298
4059	4372.301783	93.661003	-9.945794	-2.211074	24.440922
4061	4374.386822	93.604216	-9.980514	-2.215145	25.079000
4063	4376.471684	93.386493	-10.004180	-2.218066	24.748625
4065	4378.556755	93.321703	-10.066525	-2.222748	25.070781
4067	4380.641973	93.192136	-10.022153	-2.223310	24.683952
4069	4382.727041	93.013489	-10.056139	-2.225918	24.221563
4071	4384.812142	92.927406	-10.064011	-2.228559	23.927996
4073	4386.897026	92.916026	-10.065374	-2.231224	23.901185
4075	4388.982110	92.721789	-10.077452	-2.234634	23.356227
4077	4391.067172	92.657063	-10.042384	-2.235817	24.397506
4079	4393.151825	92.666514	-10.057879	-2.238161	24.077411
4081	4395.237005	92.682491	-10.113666	-2.242190	23.986748
4083	4397.321632	92.455005	-10.124793	-2.243285	23.794019
4085	4399.406797	92.258059	-10.100335	-2.244732	24.097127
4087	4401.492064	92.022432	-10.061526	-2.245966	23.863319
4089	4403.577301	91.943884	-10.085168	-2.248171	23.493265
4091	4405.662480	91.761544	-10.063031	-2.248958	23.825113
4093	4407.748030	91.611283	-10.087047	-2.251544	23.036586
4095	4409.832977	91.259165	-10.073763	-2.253058	23.502180
4097	4411.918711	91.045998	-10.076235	-2.255078	22.461965
4099	4414.003692	90.959174	-10.073411	-2.257376	23.402792
4101	4416.088315	90.987662	-10.115534	-2.260046	22.765551
4103	4418.173103	90.755861	-10.128420	-2.263547	22.658143
4105	4420.258055	90.734064	-10.136341	-2.265527	24.415462
4107	4422.342622	90.674008	-10.112993	-2.267016	22.504638
4109	4424.427176	90.582502	-10.129782	-2.271038	23.458344
4111	4426.511987	90.433619	-10.192540	-2.273758	23.049907
4113	4428.596895	90.446654	-10.175857	-2.277018	22.422588
4115	4430.681619	90.208424	-10.183855	-2.279959	22.605309
4117	4432.766426	90.098020	-10.228979	-2.283401	23.092376
4119	4434.851693	90.108973	-10.264163	-2.285920	22.618139
4121	4436.936537	89.813291	-10.243812	-2.287564	22.691602
4123	4439.021776	89.764923	-10.279116	-2.289847	23.295487
4125	4441.106875	89.719033	-10.302628	-2.290529	22.991978
4127	4443.191484	89.616008	-10.367188	-2.294377	22.488691
4129	4445.276482	89.418096	-10.345277	-2.296572	22.725830
4131	4447.361550	89.334870	-10.319071	-2.298140	22.768870
4133	4449.445939	89.302226	-10.337460	-2.300476	22.820401
4135	4451.531373	89.183391	-10.357873	-2.303426	22.392129
4137	4453.616364	89.054448	-10.326047	-2.304491	22.226788
4139	4455.701320	88.905241	-10.333158	-2.306155	22.606674
4141	4457.786389	88.661451	-10.341132	-2.309420	21.471151
4143	4459.871948	88.649176	-10.348497	-2.310300	22.246536
4145	4461.956968	88.506372	-10.359556	-2.313066	21.411129
4147	4464.042335	88.211658	-10.323843	-2.315563	21.771651
4149	4466.127458	88.369747	-10.384469	-2.318693	21.563017
4151	4468.212328	88.088363	-10.342672	-2.321440	21.123941
4153	4470.297654	87.888986	-10.342412	-2.323011	21.135760
4155	4472.382532	87.737779	-10.305214	-2.322883	21.342660
4157	4474.467291	87.700952	-10.338899	-2.325931	20.682366
4159	4476.552013	87.649647	-10.368880	-2.328770	21.674272
4161	4478.635996	87.424895	-10.376277	-2.331836	20.933593
4163	4480.721151	87.304845	-10.392500	-2.334467	22.403793
4165	4482.805929	87.266458	-10.417145	-2.337399	20.423559
4167	4484.890637	87.351739	-10.444136	-2.339880	21.501791
4169	4486.975608	87.072520	-10.466809	-2.342185	21.644598
4171	4489.060616	86.986632	-10.497746	-2.344325	20.943999
4173	4491.145310	86.996383	-10.545806	-2.347723	21.148496
4175	4493.230535	86.742864	-10.557808	-2.349681	20.479704
4177	4495.315077	86.631438	-10.557689	-2.351203	20.870279
4179	4497.400155	86.488697	-10.565762	-2.354212	20.864084
4181	4499.485514	86.263585	-10.518191	-2.354955	20.251586
4183	4501.570274	86.357100	-10.568239	-2.358337	20.797621
4185	4503.655194	86.293669	-10.579758	-2.360356	20.651626
4187	4505.740208	86.080235	-10.563882	-2.362618	20.960005
4189	4507.824901	85.749680	-10.525398	-2.361775	21.224770
4191	4509.910163	85.838869	-10.574835	-2.366419	20.902923
4193	4511.995051	85.673717	-10.514009	-2.366629	20.696133
4195	4514.080468	85.618444	-10.544096	-2.369216	20.092589
4197	4516.165620	85.348211	-10.546294	-2.371808	20.389951
4199	4518.251034	85.215796	-10.515212	-2.372768	20.486447
4201	4520.336191	85.082897	-10.539686	-2.374960	20.461207
4203	4522.420892	84.900307	-10.524179	-2.377383	20.635846
4205	4524.505989	84.858412	-10.554872	-2.380155	19.941028
4207	4526.590897	84.725610	-10.533989	-2.381315	20.072550
4209	4528.675635	84.483504	-10.556124	-2.382177	20.318144
4211	4530.760140	84.542441	-10.582570	-2.387270	19.794638
4213	4532.844991	84.518890	-10.616116	-2.389565	19.872926
4215	4534.929209	84.333839	-10.593875	-2.391646	19.798028
4217	4537.014082	84.369799	-10.650691	-2.394300	19.743871
4219	4539.099116	84.235203	-10.677585	-2.397892	19.672980
4221	4541.184085	84.142092	-10.667274	-2.399177	20.134327
4223	4543.268948	83.952333	-10.689417	-2.402289	19.381988
4225	4545.353646	83.938723	-10.738372	-2.404162	19.389768
4227	4547.438665	83.858745	-10.754947	-2.406874	19.295940
4229	4549.523726	83.734499	-10.757023	-2.409410	19.015569
4231	4551.608645	83.660527	-10.747734	-2.410904	19.888232
4233	4553.693509	83.522386	-10.754856	-2.412276	19.942536
4235	4555.778446	83.407271	-10.774331	-2.414990	19.481740
4237	4557.863424	83.300796	-10.745620	-2.416068	19.690431
4239	4559.948275	83.269765	-10.789327	-2.418852	18.958969
4241	4562.032791	83.068541	-10.796405	-2.421567	19.015130
4243	4564.118537	82.986402	-10.798224	-2.422726	18.979654
4245	4566.203591	82.805996	-10.813809	-2.425145	18.899499
4247	4568.288678	82.530197	-10.773658	-2.426121	19.069381
4249	4570.373956	82.494061	-10.819926	-2.428007	19.014425
4251	4572.459018	82.367458	-10.834283	-2.429982	19.682355
4253	4574.543901	82.157464	-10.825252	-2.432874	18.972856
4255	4576.629303	82.089596	-10.848334	-2.434269	18.761230
4257	4578.714390	82.004215	-10.843060	-2.436215	19.142113
4259	4580.798667	81.830314	-10.861581	-2.437578	18.739358
4261	4582.883736	81.871810	-10.881737	-2.440983	19.056417
4263	4584.968324	81.720213	-10.899911	-2.443978	18.956916
4265	4587.052753	81.668437	-10.882718	-2.445984	18.844784
4267	4589.137339	81.573818	-10.900480	-2.447711	18.847473
4269	4591.222018	81.549469	-10.934092	-2.450994	18.642163
4271	4593.306930	81.379776	-10.957619	-2.453401	18.672658
4273	4595.391587	81.316794	-10.977921	-2.455573	17.957001
4275	4597.476653	81.126048	-10.980170	-2.458977	18.893087
4277	4599.561454	81.060733	-10.992308	-2.459294	18.766101
4279	4601.646277	81.001485	-11.022470	-2.462529	18.381922
4281	4603.731316	80.865261	-11.015612	-2.463855	17.937070
4283	4605.816080	80.756581	-11.023121	-2.465210	18.709676
4285	4607.900747	80.600574	-11.056215	-2.467145	18.517665
4287	4609.985875	80.479650	-11.008169	-2.468896	17.827112
4289	4612.070819	80.458919	-11.081024	-2.472148	17.337742
4291	4614.155786	80.378097	-11.066707	-2.473590	17.655830
4293	4616.240831	80.239366	-11.080302	-2.475847	17.898282
4295	4618.325937	80.109295	-11.072009	-2.477773	17.895940
4297	4620.411142	79.957553	-11.072785	-2.479516	17.837520
4299	4622.496467	79.795261	-11.077479	-2.482236	17.721225
4301	4624.581421	79.672551	-11.092476	-2.483695	17.269212
4303	4626.667449	79.585726	-11.089377	-2.486069	17.317520
4305	4628.752281	79.447810	-11.093647	-2.487472	17.125417
4307	4630.837240	79.322216	-11.100291	-2.489145	17.986416
4309	4632.921872	79.199849	-11.117434	-2.492569	17.042321
4311	4635.006700	79.074341	-11.063087	-2.493783	16.620944
4313	4637.091403	79.052822	-11.115988	-2.496629	17.077081
4315	4639.175614	79.007090	-11.119440	-2.498448	17.147146
4317	4641.260610	78.937650	-11.149389	-2.501400	17.176988
4319	4643.344853	78.852770	-11.151572	-2.503618	17.426126
4321	4645.429909	78.687427	-11.136265	-2.505346	17.622769
4323	4647.514465	78.653976	-11.192288	-2.508735	16.795891
4325	4649.599442	78.535920	-11.166598	-2.509392	17.241846
4327	4651.684095	78.448263	-11.205097	-2.512958	17.177419
4329	4653.768800	78.305367	-11.224011	-2.515345	17.040107
4331	4655.854039	78.296494	-11.252022	-2.516649	17.025539
4333	4657.938855	78.157789	-11.264312	-2.518608	16.980977
4335	4660.023637	78.124954	-11.286814	-2.521243	16.746388
4337	4662.108462	77.975993	-11.264836	-2.523064	17.253745
4339	4664.193533	77.858661	-11.252948	-2.524865	16.872929
4341	4666.278519	77.697729	-11.216738	-2.525416	17.097168
4343	4668.363620	77.692982	-11.276107	-2.528694	16.698052
4345	4670.448592	77.524235	-11.232888	-2.530148	16.279926
4347	4672.533797	77.369795	-11.226987	-2.531581	16.577597
4349	4674.618644	77.270733	-11.250023	-2.533848	16.484577
4351	4676.704251	77.152333	-11.260598	-2.535786	17.216690
4353	4678.789119	76.991125	-11.253877	-2.538058	16.413767
4355	4680.874508	76.861379	-11.238891	-2.539200	16.362567
4357	4682.959618	76.745401	-11.238888	-2.541091	16.359282
4359	4685.044659	76.678807	-11.256769	-2.543050	15.978377
4361	4687.129468	76.612759	-11.275805	-2.546571	16.227050
4363	4689.213622	76.502652	-11.240248	-2.547422	16.703575
4365	4691.298222	76.436882	-11.256823	-2.549595	16.155249
4367	4693.383126	76.344953	-11.282283	-2.552319	16.048981
4369	4695.467997	76.274763	-11.283927	-2.553733	16.228069
4371	4697.552431	76.186332	-11.322581	-2.557216	16.097437
4373	4699.637328	76.103536	-11.295203	-2.558581	15.952369
4375	4701.722086	76.049635	-11.318375	-2.561070	15.866071
4377	4703.806561	75.965133	-11.357532	-2.563354	16.632368
4379	4705.891574	75.887009	-11.383473	-2.566078	16.353155
4381	4707.976665	75.706577	-11.349178	-2.567806	15.832428
4383	4710.061007	75.676916	-11.375401	-2.569684	15.777586
4385	4712.146224	75.574196	-11.377977	-2.572053	16.001340
4387	4714.231117	75.449660	-11.353638	-2.572294	16.011965
4389	4716.315695	75.379795	-11.364523	-2.575308	15.603457
4391	4718.401124	75.257368	-11.353548	-2.576372	16.192152
4393	4720.486078	75.251830	-11.398524	-2.580153	15.139937
4395	4722.571145	75.069344	-11.363527	-2.580953	15.570428
4397	4724.656030	74.960484	-11.374963	-2.583115	15.451629
4399	4726.741543	74.829779	-11.371160	-2.585005	15.484827
4401	4728.826665	74.708208	-11.382860	-2.586967	16.009750
4403	4730.911948	74.586858	-11.368458	-2.588516	15.611581
4405	4732.996999	74.405592	-11.343946	-2.590498	15.443163
4407	4735.081691	74.320330	-11.352281	-2.591939	15.958321
4409	4737.166877	74.244802	-11.349739	-2.593818	15.735706
4411	4739.251643	74.186766	-11.367436	-2.596905	14.790300
4413	4741.336272	74.066224	-11.335084	-2.598888	15.270966
4415	4743.421149	74.005665	-11.339146	-2.600411	14.976506
4417	4745.505180	73.958954	-11.347139	-2.602741	14.721251
4419	4747.590250	73.866638	-11.338718	-2.604520	15.216368
4421	4749.674477	73.756991	-11.335140	-2.606642	14.898266
4423	4751.759221	73.735064	-11.325350	-2.608769	14.866042
4425	4753.843943	73.680840	-11.352414	-2.612151	14.543341
4427	4755.928465	73.526801	-11.324945	-2.612787	14.745654
4429	4758.013742	73.482530	-11.329511	-2.616117	14.688642
4431	4760.098158	73.326476	-11.280854	-2.617376	15.149876
4433	4762.183026	73.322461	-11.305924	-2.619752	14.701757
4435	4764.267865	73.197083	-11.288569	-2.620896	15.043727
4437	4766.353044	73.115048	-11.286366	-2.623008	14.880295
4439	4768.437856	72.987997	-11.257224	-2.623925	14.176095
4441	4770.522879	72.916502	-11.263126	-2.625710	14.731128
4443	4772.607314	72.838853	-11.282010	-2.628205	14.601605
4445	4774.692727	72.692257	-11.253594	-2.629993	15.364691
4447	4776.777243	72.578611	-11.242115	-2.630818	14.553513
4449	4778.862750	72.515382	-11.281910	-2.633818	14.347831
4451	4780.948163	72.353186	-11.237465	-2.635273	14.285648
4453	4783.033115	72.180701	-11.212688	-2.635757	14.181134
4455	4785.118200	72.113355	-11.222423	-2.638838	14.861214
4457	4787.203600	72.017474	-11.216298	-2.640062	14.436846
4459	4789.288467	71.933379	-11.229172	-2.642183	14.609299
4461	4791.373068	71.829571	-11.219162	-2.644529	14.410428
4463	4793.457846	71.748965	-11.199810	-2.645866	14.436712
4465	4795.542698	71.723019	-11.224783	-2.649015	14.803881
4467	4797.627370	71.609876	-11.199225	-2.650057	14.192152
4469	4799.711265	71.540380	-11.202807	-2.652208	14.110410
4471	4801.796343	71.479756	-11.185763	-2.654373	14.248518
4473	4803.880714	71.363592	-11.163830	-2.655828	14.416204
4475	4805.965163	71.315451	-11.170711	-2.658386	14.156303
4477	4808.050217	71.208852	-11.159007	-2.660111	14.357349
4479	4810.134385	71.175793	-11.168718	-2.662488	13.960166
4481	4812.219593	71.082785	-11.165897	-2.664081	14.280495
4483	4814.304177	71.011899	-11.169575	-2.666506	13.956301
4485	4816.389173	70.894196	-11.151875	-2.667838	14.110088
4487	4818.473898	70.850683	-11.153546	-2.670249	13.758905
4489	4820.558753	70.735337	-11.123581	-2.671110	13.933834
4491	4822.643325	70.703164	-11.137989	-2.673948	13.945001
4493	4824.728706	70.540025	-11.105368	-2.674506	13.839950
4495	4826.813193	70.469338	-11.102757	-2.676708	13.847037
4497	4828.898392	70.389112	-11.103710	-2.678855	13.882347
4499	4830.984195	70.235535	-11.084700	-2.679904	13.437278
4501	4833.069363	70.135651	-11.085396	-2.682083	13.389481
4503	4835.154351	70.003629	-11.064864	-2.683282	13.404963
4505	4837.239086	69.922967	-11.065776	-2.686034	13.265063
4507	4839.323716	69.765333	-11.028947	-2.686624	13.430019
4509	4841.409093	69.674709	-11.026831	-2.688301	13.479666
4511	4843.494066	69.631453	-11.030196	-2.691465	14.206933
4513	4845.578621	69.502638	-10.985259	-2.692127	13.252526
4515	4847.663778	69.407220	-10.983771	-2.693413	13.418290
4517	4849.748294	69.368897	-10.972212	-2.695940	13.022789
4519	4851.832766	69.279587	-10.961239	-2.698181	13.672850
4521	4853.917486	69.262502	-10.986843	-2.700011	13.755025
4523	4856.001672	69.202049	-10.980691	-2.702699	13.441817
4525	4858.086307	69.096174	-10.942171	-2.704136	13.419150
4527	4860.170727	69.005446	-10.921128	-2.705711	13.628285
4529	4862.255323	68.980185	-10.933521	-2.708287	13.832592
4531	4864.339947	68.922959	-10.917102	-2.710664	13.712275
4533	4866.424672	68.840498	-10.914945	-2.712308	13.268103
4535	4868.509015	68.735210	-10.886223	-2.713369	13.104490
4537	4870.594432	68.684581	-10.895542	-2.715851	13.295502
4539	4872.678612	68.573396	-10.876142	-2.717218	13.214519
4541	4874.763967	68.452238	-10.841412	-2.718187	13.034256
4543	4876.849128	68.397513	-10.848974	-2.720766	13.123258
4545	4878.934074	68.253637	-10.811407	-2.721757	13.183437
4547	4881.018682	68.196328	-10.815240	-2.724082	13.224882
4549	4883.104319	68.025567	-10.760317	-2.724330	12.950286
4551	4885.189016	67.940898	-10.762533	-2.726551	12.803358
4553	4887.274356	67.803607	-10.733093	-2.727802	12.645715
4555	4889.359201	67.714543	-10.718460	-2.729600	12.543485
4557	4891.444208	67.587257	-10.703057	-2.731430	12.833090
4559	4893.529343	67.516614	-10.694549	-2.733563	12.949652
4561	4895.613905	67.434522	-10.677944	-2.735000	13.049557
4563	4897.698974	67.371338	-10.667072	-2.736882	12.560071
4565	4899.783397	67.305307	-10.663661	-2.738870	12.946606
4567	4901.868374	67.194214	-10.613349	-2.739816	12.688657
4569	4903.952972	67.153532	-10.606104	-2.741880	12.653061
4571	4906.037185	67.104344	-10.607098	-2.743939	12.739013
4573	4908.121597	67.060678	-10.592355	-2.746388	12.394207
4575	4910.206289	66.917350	-10.541861	-2.746587	12.487904
4577	4912.290875	66.919044	-10.557068	-2.749544	12.368281
4579	4914.374871	66.885689	-10.561031	-2.751764	12.201686
4581	4916.460045	66.787410	-10.531434	-2.753532	13.129217
4583	4918.544577	66.724763	-10.523157	-2.755416	11.976902
4585	4920.629047	66.636951	-10.506693	-2.756956	12.371718
4587	4922.714113	66.516806	-10.479585	-2.758136	12.589780
4589	4924.798687	66.411857	-10.454588	-2.759765	13.015363
4591	4926.883366	66.412909	-10.466462	-2.761869	12.200372
4593	4928.968497	66.261578	-10.438538	-2.762894	12.429655
4595	4931.053021	66.129331	-10.405509	-2.763681	11.892874
4597	4933.137681	66.105258	-10.415618	-2.766152	13.016274
4599	4935.223075	65.958634	-10.381015	-2.767162	12.090643
4601	4937.308406	65.858498	-10.350758	-2.768989	12.281386
4603	4939.393518	65.712434	-10.314362	-2.769838	11.802843
4605	4941.478383	65.596493	-10.294882	-2.771276	12.393647
4607	4943.563387	65.514742	-10.295761	-2.773068	12.106615
4609	4945.648100	65.455433	-10.275845	-2.775190	11.990718
4611	4947.732735	65.397472	-10.268291	-2.776888	11.988896
4613	4949.817449	65.324943	-10.238572	-2.778736	12.254030
4615	4951.902919	65.156847	-10.171845	-2.778977	12.495918
4617	4953.987368	65.169358	-10.181605	-2.781765	11.874752
4619	4956.071792	65.056682	-10.138012	-2.782720	12.255128
4621	4958.156345	65.009346	-10.122063	-2.784412	12.080018
4623	4960.240661	64.995156	-10.135936	-2.786989	12.186975
4625	4962.325312	64.923476	-10.108721	-2.788604	11.855228
4627	4964.408812	64.838099	-10.085251	-2.789977	12.331200
4629	4966.493815	64.752217	-10.070861	-2.791955	12.585728
4631	4968.578311	64.708269	-10.047082	-2.793869	11.858446
4633	4970.662303	64.552165	-10.010310	-2.794237	12.123463
4635	4972.747661	64.522105	-9.999420	-2.796329	12.091648
4637	4974.832030	64.437759	-9.982847	-2.797939	11.718033
4639	4976.917202	64.396195	-9.976246	-2.799867	11.735032
4641	4979.001667	64.257602	-9.925387	-2.800521	12.061849
4643	4981.086763	64.272582	-9.942384	-2.802972	11.826430
4645	4983.171318	64.126451	-9.890092	-2.803634	11.775700
4647	4985.256230	64.014755	-9.853065	-2.804782	11.293708
4649	4987.341148	63.972200	-9.844793	-2.806947	11.552660
4651	4989.425731	63.814372	-9.797226	-2.807729	12.119763
4653	4991.510821	63.713851	-9.776816	-2.808948	11.725297
4655	4993.596249	63.657960	-9.758529	-2.811082	11.022449
4657	4995.680794	63.558112	-9.710081	-2.812352	11.684449
4659	4997.766417	63.432988	-9.656675	-2.813133	11.993880
4661	4999.850939	63.371843	-9.638839	-2.814777	11.023475
4663	5001.935117	63.312323	-9.615369	-2.816557	11.330199
4665	5004.020186	63.222888	-9.584675	-2.817930	11.319872
4667	5006.104988	63.228683	-9.600627	-2.820025	11.220319
4669	5008.189100	63.157151	-9.568686	-2.821558	11.398826
4671	5010.273647	63.081307	-9.533713	-2.822929	11.604320
4673	5012.358332	62.975120	-9.479758	-2.823949	11.339425
4675	5014.442329	62.909434	-9.453486	-2.825247	11.350760
4677	5016.526826	62.863521	-9.444099	-2.827151	11.193448
4679	5018.611206	62.772455	-9.406023	-2.828420	11.341599
4681	5020.695538	62.661624	-9.371873	-2.829491	11.630438
4683	5022.780190	62.592918	-9.336905	-2.831015	11.093119
4685	5024.864524	62.505507	-9.318716	-2.832234	11.331527
4687	5026.949215	62.407585	-9.293523	-2.833337	11.425169
4689	5029.033335	62.425720	-9.298474	-2.835953	11.264972
4691	5031.118396	62.284007	-9.243191	-2.836281	11.328265
4693	5033.202804	62.236340	-9.243613	-2.838130	11.204387
4695	5035.288481	62.170298	-9.219107	-2.839566	11.137430
4697	5037.372978	62.040587	-9.179100	-2.840358	11.212379
4699	5039.457697	61.951491	-9.131379	-2.841843	11.293981
4701	5041.542715	61.914799	-9.140998	-2.843843	11.069149
4703	5043.626737	61.795055	-9.111095	-2.844617	11.276603
4705	5045.712031	61.740644	-9.093850	-2.846404	11.131186
4707	5047.797022	61.646885	-9.062649	-2.847798	11.544093
4709	5049.882168	61.529556	-9.019331	-2.848850	11.277933
4711	5051.966832	61.444276	-8.990468	-2.850018	11.023982
4713	5054.051405	61.398232	-8.981054	-2.851946	11.621267
4715	5056.135855	61.273970	-8.942353	-2.852797	11.076587
4717	5058.220641	61.235124	-8.920952	-2.854411	11.583017
4719	5060.304927	61.160456	-8.894337	-2.855603	10.931647
4721	5062.389427	61.087437	-8.854713	-2.856752	10.871425
4723	5064.473659	61.051132	-8.840461	-2.858641	10.993501
4725	5066.558312	60.935866	-8.796370	-2.859368	10.830562
4727	5068.642492	60.921418	-8.779490	-2.861465	10.636075
4729	5070.726634	60.860272	-8.750962	-2.862775	10.752212
4731	5072.810690	60.767235	-8.724104	-2.863768	11.035564
4733	5074.895632	60.688975	-8.685786	-2.865222	10.730654
4735	5076.979906	60.656110	-8.674640	-2.866873	10.651838
